400829090
322079647
210483688
301020272
400323646
327748920
141502257
395090383
411263028
313580346
188847846
393927894
361978442
366975158
297175408
208591220
403096502
356869746
356869836
145608666
268981566
314577257
314483341
284279801
262545073
262204090
284322964
284774957
347364647
320981757
110255395
410853780
284968372
284968853
284968773
285066440
284968452
284968270
356999035
183388932
356999396
269372873
314289496
276723444
291506355
276722121
314290068
284320964
314290476
373836478
291347443
373835955
314577623
408240554
408239957
408200965
82727513
378075684
378075412
368707333
368708892
368709082
408171303
397998312
378075775
378077655
288978019
361594086
344487120
378077896
308333591
308335295
397935120
368706902
275392368
311456010
368705227
368705328
368704602
368704840
397677352
397419496
368705835
369298552
361390028
307804338
369951254
332578205
169688579
223429151
297041603
397418741
368700681
326431561
378153845
405002415
210490678
258457122
299955364
387971214
233311069
232275473
378083246
378083112
231298603
368708563
403079993
403080280
409174438
158538921
409146061
202743544
355509662
181691713
402481471
380345664
212908601
408287342
368709286
408230434
380453021
249683815
249685571
407564673
327211152
386259332
400857332
264113198
405277374
317027820
308351794
309263263
395073844
365694592
209550956
57594421
258006825
390699559
397104811
398602136
345320265
393739773
248620775
187635399
398562373
398828307
212997052
390658547
403177917
403076177
408232753
408231243
408230709
402999018
368700978
371081480
344273893
392341754
398249639
388410118
297084460
411295953
380347477
349536474
383101787
400219662
407332236
244070652
399930322
337706251
399724965
401511482
304416391
347366872
410585863
347367420
402041980
347366437
347363918
347364201
347364975
307361421
339251126
408230995
408144931
347373592
410975422
339253983
366735907
347372635
367965118
339252729
391865694
363873801
353494698
377668825
339253690
71752838
347362621
374462685
214612028
384225001
411763448
394662448
302924549
375497204
402996730
207645006
330660561
410597982
411369534
403683375
378081807
378080851
368698354
368698439
406945084
369586745
273580266
273520700
307436122
307436980
378075500
368697838
218288593
256537997
406563692
207130137
395886456
368708982
232151469
375533231
224759976
395499122
231902694
327210186
244983996
406230139
406226606
342105072
342105169
210963618
308464049
396087368
318835268
339460056
310000938
406045386
342105322
310001933
308462842
276964573
359335406
368707502
340805205
393848297
405908095
272542442
405883686
249397173
387082985
405238939
163959608
395967692
405573207
369785434
391806617
382884196
194954698
356744282
356744219
397950437
398547633
371733814
409117267
187638613
398255495
380452342
407667303
361436388
379733317
326080899
379733407
406794579
379141679
402045063
364137919
304437333
246463330
248717197
338203438
369797669
369796928
401471274
281683346
395072141
245579167
348906208
177837348
160581219
394011335
380935427
391229895
346042074
150922546
247842285
367355126
409959017
247698514
394343882
382550677
194940712
389287259
337009183
409358283
409357756
204841525
393699810
378076084
402240243
231965756
351212984
290004751
376420638
409117778
405277718
395454646
409116993
258008453
395205285
288653128
234030619
371078916
233780484
338777581
391947387
393114429
378081497
279415166
405401054
393699908
248093567
175810225
231911651
195205183
86892111
362174319
328739520
399243358
399573432
219283542
230925819
366438473
407188336
286395846
298348287
253425368
358406216
411525619
219284537
184924561
400521642
410627479
285533963
101808854
406329704
395213104
348843769
368979860
340540793
374229126
392867270
168419407
348032972
374797723
348032973
409173473
171351825
123830612
275251974
214194919
287161207
379774536
411713005
398330064
356869401
364131908
316871424
262190998
364020925
277538172
248008549
364036466
364037203
364021727
277669604
277206402
277203763
323338302
323345760
364035730
215490104
307370924
189267006
189266937
247735855
251893881
392369728
410467993
411328175
254189128
333161423
401468532
401470957
401467189
342326067
372756090
411166295
166245707
374116924
411030624
323370892
373414068
283762430
292739558
391732242
383476017
410409488
400976276
386436854
410708799
343578670
400836215
391626352
390411679
208353183
410506819
127172398
358113011
373195517
306644113
371388832
150899953
313273568
400616463
382903383
378494644
78259195
391650805
276135966
247842351
399962116
410123689
363389350
363310599
355156098
225432800
363309469
275971831
268145141
313413295
368749867
329495136
329496428
290462568
376351325
268006975
256629830
363311405
275801617
382464292
409686250
397565038
397561613
409637498
409252851
371988203
395919658
405520057
257307055
270013234
279408903
405278061
158098236
307625622
249981135
307452936
71833117
191636758
308437228
178221403
395396106
249239134
395451716
316309180
249067800
318013718
384414487
384412923
395169859
316449278
309961276
285732047
316915485
301816748
285731723
404807876
178221308
177938354
177940450
380935564
293483836
395053589
350053538
284926220
286002027
376947528
284844869
376947524
346807677
284796977
284845589
367334642
298261946
394828944
284928447
404387375
284798681
341200023
367585690
374025067
314750460
314751377
284345252
284774599
284774603
262202405
284313499
284323300
284313266
284322235
284774779
259487387
356869115
356870176
284321255
373841552
364030485
284744814
314820652
315061304
277205450
314819396
356662605
396607169
394277547
321166873
329554484
329548121
382662462
377863092
367104300
389149958
277670790
279879757
382223951
313744016
382661871
382726481
313412364
355156112
382726401
382004461
361774322
381944575
381944363
382076478
382062816
381944586
259459412
282980506
391452913
355197489
379905169
379903239
357364819
288687034
379672944
379653165
288126957
380387705
380396587
380398748
288009226
379592212
379591651
369701366
369807589
379572066
379573743
411614289
384310974
287892554
287855595
273448212
273317826
205037081
380161203
380071075
380071950
380010296
401185608
272993847
360492872
379904424
379908343
379912665
347026856
272860153
318277584
287407841
342845303
318282733
379760208
379760582
408310880
379653862
379652281
288137953
380388323
379591773
387715454
369808297
328257221
376764903
369781105
246941993
346179799
288443083
288564157
288688690
343814335
288444365
346151319
346153079
287408458
395631910
345177090
328585853
348993306
288118771
288119238
379899609
357527824
288119147
288563332
408339323
408339737
408311681
288010100
288010365
380386432
381005373
288443391
380396044
288009777
287996857
273091077
287997222
388129349
380368465
380369717
380366958
181567110
287855907
287854162
287893041
287856340
408310216
408309010
379982481
379983631
379983315
379981779
165135209
225674291
273090771
273208613
379903983
317965473
342824510
342796808
342814549
342784786
342774484
318228303
318493407
318490860
328738826
136887368
411330551
319127815
318396728
318550533
318495477
317822074
318376341
318278198
318283458
318283862
318286064
394644402
359191849
394574133
394573076
317339449
318048569
359191301
359192315
317760691
317652491
317726383
317521543
317519390
317651695
317539868
332821292
317663323
394479809
394480062
394479531
317994967
342908050
318630148
318632847
318755463
318690643
336628955
334355368
316784223
316780158
317964720
404345765
404401471
394702684
175669778
175670150
212296547
184325599
341799232
404004496
370261913
376788160
291145866
346084527
348053095
385683111
308671847
316710608
308436566
374644707
393679079
231913373
391166996
403169300
349329748
403117033
391886198
242684490
329485583
375796432
393341318
372419507
372418962
402566426
375236219
402642030
107581005
318504023
382499165
374565216
357385908
175668942
356991940
357363566
401641172
402477594
256030720
364131480
339720446
401631251
369789145
369791636
369788705
369799204
409667582
283503600
308414999
369297700
330778851
409318598
204841715
98343826
318073698
372012986
307982848
291754473
358704968
372012048
382058925
329496676
329493033
409265250
310197956
409166689
312880736
398619961
283056896
354127057
330368341
408790936
181689021
259186705
259430079
288654806
243690170
371479353
344510161
398836917
161670502
408513137
398833692
408511161
303841420
311504160
408469905
408286519
380784244
408287742
408288301
408289043
398551712
251606424
251606515
408240826
408240282
408239428
408241022
342956733
368646362
285641794
321273959
318756255
318758299
318394660
318755858
404715327
285711704
285730984
342792987
322262196
322262727
344255597
273276668
379660091
310485947
272858361
318396389
318229069
318800284
318395245
308972021
379757377
394578746
318053106
359235417
317726757
405694020
244221278
380056709
318287503
318695262
318692573
342886644
280005375
318642561
318394414
318634984
318642725
318663148
318633401
316891075
394351640
317515806
285731116
316891659
316927654
317420056
285733935
317796184
316892777
316453778
363473773
394353148
285711794
317513873
317419595
317200673
317655271
316917074
317513489
317512454
317422277
317223701
316765826
317197795
316631318
316929212
317224282
317334517
316893496
317224393
317198365
316765060
316662015
316775172
316915875
317336857
317821707
317824659
316887584
316928075
316891391
316920865
317096229
317424625
317423644
342815177
250261909
256833413
318266541
317539364
317795810
317654062
317519056
394307010
410158945
403671265
358062752
319702663
328672288
319128755
335313616
335313764
284774702
316751433
316750653
321111651
252721583
366409408
317370699
319805669
257825956
242796335
242795167
242795657
316201294
316198588
316198156
405152374
316765818
320675795
353077510
316543820
315860542
315760448
316347304
316671433
316454390
316630064
316629830
316750967
316631767
316656608
316519047
316346632
396330038
365623055
319014807
312480340
316199133
320137424
320082819
402651677
404888117
339227113
316197788
315860461
195530688
332857986
381073658
246746337
315527119
348263258
319812473
386207221
319754707
316201566
317536895
316199595
285240332
316024465
285236893
285237358
285240320
285240329
242868356
335170861
335420605
335313916
318278883
396056248
358054033
317615971
356573086
316764919
316765800
316765050
316764753
316508907
320137236
317220874
317325415
317335177
318376837
285240448
284774699
407734857
316630464
358068153
358067676
316535191
358068584
316630845
316657887
356999323
356999106
316631404
316631608
316520955
316537184
316752065
316749731
361369155
316519659
316517657
316597357
316671911
316539145
284774620
347363340
317537328
317522263
339254461
316528676
242685563
316765041
262111296
317338417
317513276
317221691
282360401
317335907
317178273
317196276
358182878
317823927
284969140
316347565
394579038
318053113
316765626
256509484
316345103
317521757
317512043
317963463
366426042
316507825
318051363
316535598
318051444
386433184
317174453
316764737
394353726
394354808
317518905
316888966
317173695
394356089
335569544
335569557
317760191
318157629
317522342
317794972
317326718
316916329
308490562
317795573
242867690
317655709
207472145
259489394
206114186
329993907
315206110
315175807
382285494
382359380
313925758
241652772
382186385
382186831
382116859
259454620
313928706
363528723
355156106
170568833
368614664
381944486
382074700
382061236
282980598
282980085
275722824
275721228
275790782
357303176
409531852
140954016
408842739
205806222
345533721
205660681
205795107
409507218
409506747
382294680
382295153
411304721
204555931
336628934
165794332
288362028
332861123
324466717
408309737
380384675
380386739
288684966
381172366
395911078
409506213
256453948
337868361
404077064
411384641
394674592
402433248
396573334
357285586
410121653
410121438
319963101
400104798
323234468
289128937
308256518
398188269
337771727
294364775
294363210
294619005
289629015
294624052
289516957
385427250
410122254
410121948
410121049
410120787
400103311
400105082
400105548
344202083
353700937
320137803
320138387
307643098
404281275
395139624
328798713
399876007
399876064
399875922
354019268
294617909
294626235
294598053
294710985
337286224
289715533
398564427
389073857
389073751
389073609
405539504
335569658
348782088
407350748
363027735
311233321
348819222
347339422
396576439
368118505
312377210
408017025
348264020
205795133
394533011
402433682
395230844
319185327
319014716
319963312
193762133
402651243
354750264
166836115
291593006
289505869
346153351
372397612
395565047
351713552
394526151
246744166
291789170
319012643
271000358
291532008
291576999
231364588
260400473
402651082
390145341
348893090
302588170
403382153
394657050
394673066
394670028
257754613
318027376
294610107
395280382
396216080
395287570
389073475
389073018
294365329
294365919
384361378
389954068
355525303
398564699
390738707
344201999
289087282
294624944
377564030
271332831
388695432
384657278
318875872
355497826
385522033
118338908
341394290
367770382
352429165
406212170
321424127
410912273
355497444
404883201
391325469
391273666
410123547
354020712
326459229
326459292
326459309
326702329
314268459
342276905
354020903
356300839
293949638
409704851
335554036
372098368
354021098
335975779
328075330
371599970
341394791
341393772
403713167
299879277
385516041
357285593
396211850
371178148
371178972
371177998
371178777
389411522
354019617
400591051
371166406
371167157
371166932
371165886
371165266
371165030
371166772
380715797
380715533
356319344
356320154
356319855
371043564
371044872
371044424
356730337
370026543
370026532
388660126
388660662
388659830
388675866
388659494
388658937
388658519
370026437
354371400
252643366
394654489
376069950
387743622
371045490
387474107
379174729
378336189
378336021
368469110
368469439
379172928
368078713
396662300
396662581
396662764
396663108
384655099
384654997
384653869
384654780
384654699
366715744
393881271
394181295
154093378
339912314
352031286
376069405
350849161
411174310
330193198
394156086
394163811
367484971
362874653
347941342
347941010
347942099
312800680
135187534
347938243
347938697
336988805
312708607
347939092
347937191
338015224
408124718
335966810
392194948
304743389
163437339
376757616
393699225
342847000
262192837
343493030
395384702
379546254
379172643
379175018
379174557
379173995
379175805
379176078
379176288
379176527
379177587
379177351
379194061
291966381
373757267
357285582
364611018
363284239
363284597
363235843
363234443
363235663
363235553
363234881
363235178
380501506
399140412
349114184
380300831
393881053
393880655
393881567
366715333
394181587
394181731
376699973
376700471
376700753
376700303
410538284
347939823
335552974
335552080
335976377
384980478
385022655
385022560
385022223
364691914
364691855
335527626
335553212
384661137
335553473
384655570
411937827
411795723
411946227
402341117
402324556
315597801
329743376
384416237
376923002
165659516
411918145
401033035
411927418
171808710
411927450
411917150
411921375
293332023
411910040
369712586
397101913
305731731
411920206
397738870
411920831
306892129
411914977
411906275
400163102
315598703
411902782
411896429
403724111
400663940
392879253
411898954
411885789
314644406
411893606
411925597
411923849
333445135
411886912
411883114
411885035
405411428
411881199
401893883
411908986
375957540
411937738
401578955
411872792
408007246
411772126
411763770
411926170
408003338
411758689
411775831
392676810
408001626
392568924
411597537
411907113
408002588
402172827
180223540
411908858
408001113
411792407
411754440
370780585
407998292
411753318
411793087
411798145
407997591
365062684
392627715
375183023
398162161
401877219
411534332
411773320
302580372
411737458
411740011
366438418
333444810
380827076
411741810
411784677
407964454
405253282
215007280
411729955
407962498
411730522
373265827
411773323
407961400
402149489
372192780
411708107
407960292
366396649
407815506
411760412
411707280
411389263
407814555
411678836
380815389
400342734
407811922
411726239
315566072
345730756
407807946
411794019
411668698
294749317
357981471
410305359
411709167
411634291
357984046
411641354
310950649
411664726
357979495
411661431
411640939
411728216
357981623
411752377
411746201
411718763
357983888
411714141
411654208
411706624
158291990
411618449
411485335
411713066
359479031
411733565
411735254
411698086
305732140
409174849
411674119
411672510
237719693
411710454
401581357
411736085
411641376
347340537
411688850
130076740
410323723
411697561
375945169
406487408
411688130
362633572
411637381
406486629
339243861
411644465
303704295
406486891
401774297
411673271
411666064
406485920
411696898
411796722
411513379
406485698
411682580
411662039
411709623
406485810
411635160
411651705
411658735
406485231
411634201
411617657
392699387
406236960
411622958
411585150
374704922
405790555
379778642
411613241
277902768
405508538
411612611
173765611
387817775
311280738
305937020
411734637
400900054
311281761
391180546
406715605
411707143
392604645
391656104
298837791
410848539
399183139
411695626
406678215
402126852
411728839
269976426
406719825
411599060
399234598
411701186
284723962
411644003
411683692
411662124
406597663
411737861
389152570
411674948
406595860
411719471
411652283
411673473
406546534
411730251
411327975
411715105
406541575
411674002
335214397
411665277
406599053
411378097
319777146
402158213
406548111
392648767
411668089
402126292
406544868
334124420
411706377
144651830
406544301
377690103
411692927
339290923
406542095
411904979
411880705
305733150
384495942
411872736
384424752
168371968
374928092
411878791
269601190
131181244
411906975
411854212
411829881
131130334
402174080
411899511
411900208
302468991
310721510
411826771
411896966
298838574
284812377
344848006
411867174
359476917
411840997
252214488
402271409
315598045
355146230
270190947
400682529
405319914
411855733
411823025
411799800
405318938
411876082
411838912
411924332
405144942
411846801
411829703
411883854
405309587
411866924
411809264
411841925
408593684
387837367
411821353
363280705
384014186
411929780
411928796
368502439
411865487
411873696
411951178
153243491
411927842
411916653
164874547
333445369
314657427
411925126
392893796
315437980
411872496
411858979
411823946
344076619
411915871
332836865
396123559
305732010
411954254
411901786
401859554
315598343
401631648
411934497
372815401
333445875
411939968
331773363
369145327
315598530
384531635
369147024
411841261
163313187
153691569
411779861
411927614
315437440
411781069
322938134
411921784
403690023
411940181
411839115
411923240
400233171
411737186
411318608
311282142
350523691
392586469
411590504
170819112
326976144
411731426
411636022
378637790
402043700
411764660
411579278
405323001
330061463
351129829
411621452
405317221
411603522
382148707
305935245
393561246
353487975
363881718
411716351
313375933
393440894
411577983
411575641
366616851
281460020
411553292
346335819
86506870
411577980
354595686
354596130
385541308
411594453
400992255
248717827
404278024
411705129
411572180
411294165
349779154
411567893
401981729
411567077
403249871
356949978
411565969
392785817
411849137
411751517
407960952
411781938
411719881
411782346
407959926
411785187
411720296
401418908
407959370
346664755
378433156
411763517
407956304
361678548
411731356
315956871
407955584
411703585
411750391
411753489
407954160
411869054
411777095
391836836
407954826
411700778
411709690
411700119
407849608
365219395
411708560
398287766
407847057
411773680
363595454
215006939
407845052
411707491
411734089
392649249
407842960
392650139
392651938
411749660
407842076
411689920
400558379
75857287
407841312
411775225
380824184
410583851
407840244
411744100
380821945
411690681
407838562
361153965
380830158
402161600
407837623
411721780
391795708
411670901
407835935
411783736
411749341
411746136
407833542
392188686
411672590
411746192
407835212
400569501
411794591
411728206
407829060
411720524
354072650
402220628
407827756
411665345
411772206
411671671
407820551
411783892
411692065
411726088
407821352
402197914
411790146
342177475
407819665
411716412
411396619
411492041
407817180
388820805
411735435
411764973
407816093
411748720
392713973
384530639
411565463
392904861
403690117
411917764
411915876
411855680
161446636
411930411
213573016
411880489
410305291
411860373
390802044
411896508
398167523
411814753
411289539
411825764
410112580
401511574
411933291
411941028
410110315
391235588
399938722
411897132
409934931
399938553
392749201
411723061
186705230
401680934
301949399
411882678
277626221
249986507
388618343
411861626
409608436
411918143
411608147
411855274
409118611
392902596
411847568
383262535
377971210
384107338
411914833
411876070
338579792
411848707
387328709
408593414
411889521
411888948
411879433
256379527
372508097
296795973
372509443
408447532
144481412
355144469
411867873
323190130
283000635
402285664
410262847
396427148
322734254
411286312
318105484
408139882
411798341
411823264
392009559
387306175
338814558
411616033
320956348
408107478
411417586
411834030
411796345
408106488
411793775
411785936
411816901
408108237
411802074
374894010
338736811
408105752
175513191
411779765
409092649
408105125
353712595
411781627
411939867
305731757
173965532
321338783
402181708
411571316
411565281
400653633
337335999
411480424
411570307
400878696
411570348
411564804
411545006
377849440
313843107
411538657
326246781
378124135
411522539
411558785
401973479
377885581
320536453
411552500
411549947
397653248
411556289
411545940
402006838
378133740
411477701
411498859
369135931
408005763
359643823
411515350
401634296
408169343
267369783
411511405
355457688
394727805
338700869
296160340
411504101
410109496
411486603
409069666
348418881
363823178
320314833
411491952
411517318
407043348
374596887
411512827
411613594
313004905
411568935
372328350
310952169
247736257
411279887
372448744
392549952
411561940
392582183
372449111
411497577
411558706
211428859
372325055
411548697
362860844
411625517
372448307
411555699
411556359
411554225
372329232
397935376
411553142
411551835
400639958
411253822
411576967
411582450
377852073
411550898
247631631
411598053
378266135
411511817
401480953
402014622
390266058
411568407
411559142
411542243
378130460
411569405
372472230
411475259
377846495
411569127
392518307
411569023
400645802
411256408
411618615
372582543
361641594
410622981
364129145
403158207
411689841
387617317
411571722
403158126
392501132
411608878
411609165
402875883
411571244
401725988
411717071
402923361
411560290
411560724
411588715
402923164
411556146
411596191
392472380
402922427
410641416
401467181
411588931
392125717
411696586
411687233
233288959
402288148
411601929
411584057
370562494
380770055
411557401
380572374
411264835
363725233
359800000
244072243
341968673
402287097
411559908
411654628
411272363
359028618
386999531
400991947
401036263
390979247
411325399
411589092
411527643
263947724
411602403
411527300
411645356
401552345
411571331
411523957
411573265
204306327
411564876
411475835
411552341
205156066
411654780
411521881
411551261
402457692
391674549
384213635
401627262
166176870
411563884
411554317
411592683
77861520
411509257
247631619
401726194
20514442
244148993
242581197
411635631
372120544
411520049
411561928
362745888
237685328
411567761
411578399
411560717
411426581
411611132
249279197
411554380
130150216
411236367
411598054
411541139
233182576
383076673
407034831
364646756
401989301
359425576
406598968
357910445
364634552
401847824
388463161
411528518
411523356
393862369
389161741
399760695
93804256
411523857
405416814
343943480
339445191
356947265
409193974
411480376
374379455
411474174
404278310
381154555
337775839
180434516
395203752
393863308
411610313
410098437
392272959
401893707
401893710
411467760
409535024
363884651
411238041
391891785
402556459
411312229
395849896
382843977
378338769
401863731
270273802
411480941
410777355
411463591
411458865
411463681
356524746
372149142
411469057
407863999
411568768
406794153
411476817
409623056
383905551
411430445
411422693
380171621
411457180
411559982
411472677
367567447
411437906
411453155
382933738
399939269
411418805
411475564
400353234
380464583
411117716
390895509
411415293
324051230
411446949
411410032
411444975
378417637
284765254
411426926
411409103
389869372
401855187
411409766
411406001
410430732
384212312
411438487
411460164
407601728
411417177
247736243
242580962
389879172
407344786
352587607
242580327
407823090
411397491
406919079
248667261
386060198
411168964
379374334
411461182
411457338
411450913
379373394
313350828
401454388
411457451
409607083
341048955
399595153
391900497
405751937
364561340
195442285
411473957
409544953
411438749
411448270
411409690
409548654
248667029
411437384
407345402
409543406
411474170
411434320
339718843
409588610
378516548
390063774
411432298
409606316
398118822
411425205
390154927
407974025
256084824
256084337
321913203
409053503
411552477
411432418
337731809
407959285
411428156
392479471
411455504
407865965
411270438
401748329
406714914
279705888
411394612
391707939
406714482
385426126
244148813
411141834
406713357
411443467
365949823
373670758
406485050
411391534
373671088
411385594
385542438
411392061
392213910
411391302
385541072
411389326
411421932
307406241
406486771
411514604
411141591
411443538
406487517
335669971
411376399
305616249
406486721
411372637
188478453
411376411
406487003
411431597
384148507
400318233
397245742
218423706
411375881
242580493
397245374
411373970
242579616
411373635
354781647
411446510
411372250
201182103
404301736
411372904
411372454
411446517
404303622
358524011
411370058
392338129
404303846
401828078
411426290
352107437
404302406
352587207
391921147
411444342
410929402
406819468
411421738
411066145
403958515
411371570
411364302
356063581
403952712
411448590
411363012
411359667
303436462
411422930
411441029
379747699
403949067
411362707
401766347
411359670
401821674
411432579
283630053
411431508
399973140
411451097
411376778
411409932
332045770
411376127
411375623
411354522
402923760
411377058
384066043
411375015
411354162
398122130
153780937
370187093
336796507
411360836
411387561
382324453
400108852
411315882
401481576
372262437
411359940
290929192
168167223
379326824
401719782
411365073
411475892
379324978
411387999
411321366
411376101
410338037
373403993
411326327
411385690
350162977
411383492
411473385
392375202
409029869
411391755
228737739
411353395
380154451
411354733
410539067
266363313
408640021
411381755
347601848
347600956
399703518
222879874
411366775
187422725
391054428
411341433
392197473
390263694
407956455
411388072
392303342
399972211
407957181
357436380
411452204
411339524
405321971
389168698
401730641
401730340
268702582
401729534
411341325
411326421
393561914
401727129
411341736
411328495
405324024
411327395
411328249
373667344
326584653
411341548
400211297
214302512
406813847
401871477
379328773
411323440
406418176
411425535
411338645
411321096
405920509
352714607
401728490
411329787
395978973
411333881
401727995
411304349
395923082
401728318
411329494
411338002
223061283
411295888
401065117
411297781
405599762
401696459
401695378
402918718
392380841
411353952
411353728
402917589
411375263
282572274
335935814
372563068
408351948
410573244
411373226
402135991
222498577
408826842
373136778
394766008
411371980
411426436
401736136
317869397
411423167
411377381
401725586
402210840
401488135
411331394
401766766
402289524
408402683
392287189
411364108
370254709
411363879
411363336
411363596
367330539
411362418
411356522
411360708
411439036
376868468
411355451
411385518
410966956
411389569
411355603
411408207
411123581
411355235
411387061
411354996
410457671
411292530
411284850
400472333
284540191
411227636
380661943
411266093
399596752
411191340
411206170
411257138
397545683
411236678
401522543
411091483
396432007
411257972
411234397
411229654
202379997
411268661
363719545
400681323
384750009
411239818
411150112
411229252
203834015
411228421
383847620
399430365
150989875
399431322
399429078
84657674
202578742
378817671
376607296
209862924
38780525
214423808
411257201
411255311
368896799
411229519
401127400
411248012
405511453
411147552
398373222
377831321
339206144
411242447
411220943
411242286
207765113
411212363
310417413
411212566
207968070
411224767
411224527
404938080
304336226
392170109
411214670
411218624
202578604
411322605
411195849
353095522
404678412
411205004
411189507
289199878
374570689
411187113
411201714
401490125
281392385
400921365
411202482
411315820
54182921
411172714
411216919
411167278
276607617
411287412
215324574
260458777
405368304
266565666
331454623
228555766
246152620
383482486
410835089
384949346
198813253
411155609
400714154
411148351
293120357
238963922
411135785
207834839
401057260
399306279
411297285
402211430
411285594
411236492
411263819
336531754
305936318
410982702
411258494
273996355
411278337
371154808
411230783
402994521
411270424
392221781
411245463
402309269
394434382
411248302
401432953
405320803
401603742
401680550
411284270
393562617
401550001
411239815
411250063
362001447
392182450
165881593
411366180
361998532
411220136
371902222
411252381
313073215
411297725
397720397
411145893
276802673
411266257
411247537
377349849
248234854
401316134
411266018
410206246
407885038
114866369
411116275
411163060
242792214
411204424
411143030
386945470
407712399
411116487
278407484
364682245
409193441
401457595
372486271
411112937
288853564
364319810
378708687
390619061
230981104
411098768
411050595
411154109
391226243
320763019
401367627
269208897
378596405
306023581
411091993
411117125
189201817
401417349
372029829
387519945
407537635
411079434
411085546
392089813
369939235
392060228
411082915
397933999
405434193
409893730
411057669
376139685
156641000
401298569
411069966
411068831
367100395
411064989
411167956
381153134
400162313
378741290
411265165
208822747
411273368
401287818
371350898
384021426
411139416
410894038
411170758
388137691
411187279
182208217
411178064
385428209
411150775
411128638
182208899
406724059
411124914
199597733
411141924
392505468
344277082
314875489
392122553
405141482
382135757
404100977
411172064
185715193
339817429
211196520
410898655
396234779
241727193
401093677
228556546
361578328
411110572
323161782
411181523
172296674
370966004
411161534
411162405
406281785
411127487
411159890
347314229
411006614
377101867
411032141
411031651
411031449
171131128
411030929
385835154
411001798
406393922
350777856
411005387
398215941
339443510
411040359
410995626
410993873
397330721
410244631
410975247
397461878
173363561
411034015
411035585
410712780
348604218
410984431
390190283
411047665
402928751
411114510
411136357
410983572
332791496
410958181
410997342
401284990
333824604
410977814
356497098
411014952
245259711
410978163
411036787
411019855
228713702
372198956
411038630
411029149
405268773
356922124
410889295
401236472
411341709
405427464
372215653
411291243
137893896
404510670
411405465
342781392
396038934
387807066
135170397
411278483
360849171
404579781
411332925
401721043
411332521
404565456
411386652
286646436
400262369
388918162
411313123
411269468
321659484
399574261
411274719
410959697
401160605
402875989
411297723
411301689
375151716
399833565
411381677
411294005
411377393
402850362
379843863
411237413
331655529
402668279
411305928
411300532
411288690
402542463
411248236
401646989
411328669
394081438
338606861
333159619
411331746
411084915
286230813
86506728
386645329
392031391
386646611
404626422
411086010
411072697
401002938
157291456
411072364
411071868
401130513
410757865
411066224
370957412
400964281
401939604
400669559
399640501
400127741
397336895
401385921
411083408
339203812
361676693
144204075
400025089
367192659
406623918
411082123
388116449
401337832
269591746
411051314
411033126
203329555
392090386
410698372
410881183
411011997
180221000
411046118
209880142
397417582
405435365
411142505
411045330
410804861
264825807
173530757
297301023
407594404
411015153
411009120
410967985
405397896
408864192
411030345
410989771
408779285
411024122
249889115
410982298
171122780
379862128
364246918
383567014
406085926
410990978
410977000
347654536
330968606
410980888
410970596
411039529
407439358
411041273
411021341
391313575
334200693
386239809
411016155
411079260
43704993
411030703
401131918
411071538
406704766
401292862
410961976
410948227
345869801
345355849
399050286
410930260
20070847
410937807
401290723
401259588
199632634
399402508
267601478
410969107
333825178
401290970
400933038
108944350
404304750
410954667
410970290
410261742
407525490
411013772
410921877
222427976
148922717
391376155
410976305
410979660
407601150
410999428
410962211
410986027
131688691
410993684
410918050
410948109
404619740
73846143
410951143
345708667
348583247
399634792
411019854
410933697
406056325
410973064
410529573
136621364
374405331
382148450
410963922
364900842
237100447
410684305
187972568
410946340
370162954
411001424
410957045
410935397
393640669
411000364
400105906
410944460
402961882
410979964
391636500
344461651
321175060
410912822
332506716
364401585
394068024
337081827
364401919
410937806
346626284
310397137
368371575
387012467
410725764
410917916
394940456
163508231
236775155
410918869
410961539
348646891
236774808
261094935
364400968
317718701
290623288
410901025
355009641
410975074
326625786
410731203
406280147
401241713
406078638
400514567
410905068
410540919
382308190
163772454
411038541
410915069
402851357
410912580
401241062
410888482
204422874
410889753
400946976
410922499
394346460
410890345
410911021
398470220
405247666
410897466
410888654
378204967
409565419
410884419
410894029
410875811
355617935
411028116
382541153
411023396
180442449
411000595
256688098
223100802
299679013
410897461
383579775
410866046
358253978
401171875
410852579
410893803
314218897
410859020
410853344
410874798
358821093
410324634
410893909
346895784
384825002
400308680
410835635
410121921
411768169
410890562
363846455
410833424
47429316
410831143
410831053
410691904
377247546
381201293
390911127
410469998
121573853
410828196
409700629
354523873
410743915
405085142
410772601
373793859
383446757
409084403
410426668
410742632
315407005
409082890
391199411
410802615
388721040
366180916
398990438
376521499
391700900
48422986
410748708
364344176
364904327
378159050
410721728
380147085
410877264
394501076
410362493
410868611
410723244
345911522
410684427
262225508
410749794
341208931
410721982
410700097
410719884
125485774
321787071
410855613
382549199
392577365
410859474
410815018
410670995
379334018
410730745
410679194
410696523
49516216
410560061
283945777
410698077
407855893
410688199
410728552
355018531
322285349
410845787
397716993
59924390
407857741
410673833
410729672
410662662
400972255
408027295
385936953
190921332
348214561
402235090
410715955
410728715
406636774
378852530
401027810
410714115
245279694
391442387
410691961
410704960
406546869
363905736
338002664
391646327
47429309
410638098
410183901
400300658
170390123
320436641
333571677
410633674
405267422
410694541
364032807
410685278
337654467
375089952
356863413
410692946
366180144
275387818
410617711
356037346
366181412
410615505
387833898
355192984
407856838
410654457
410619382
356035899
291781553
410444840
410727798
186482612
317788313
334900657
410702220
337354247
407862573
372557099
355869178
400977408
228727293
389290380
395491950
387970983
366183828
410601030
410644528
410663366
366175650
410704331
410723236
394337353
406642713
410722529
389636169
410595758
345023078
410692115
351985035
391643968
113167954
395805286
410585129
410711914
402320553
391639739
410656055
410336105
392766252
347227593
347160635
391637741
405541331
410680354
410632513
25285668
410683382
366186727
410680143
301931578
358716001
410311883
410633127
408735845
410559630
410668482
275142838
392765124
388005594
318864135
373765322
408572313
410587924
398696414
355862631
333591275
402967068
346320996
410525696
406633619
372691834
381897105
410580287
266644615
387659051
400994356
400995747
406525431
410586798
410307833
410642545
233497289
394914738
410672165
410588495
396569120
397236068
410563120
298207605
407002470
298209408
409128035
410639182
381081230
258616925
382601803
410297931
410776434
318627467
392481321
397723035
410618847
341919539
91061647
400499722
410707773
389292334
203827634
410647802
410642625
355457195
251638885
323460861
410309027
410562226
402165132
410705309
410658860
410563112
372736915
400932732
410584805
410631857
331553555
395492326
391641433
201323735
167906675
410615431
399791494
410672669
406548725
374539541
410552839
410600835
284258486
410622991
260460241
377208449
207452131
339001056
347161101
410645305
301799129
410600126
383037449
410542297
410580638
401004458
410634355
33478971
399138866
410522142
410568722
409575752
410595251
410597227
410564889
406316141
410583626
138722716
410605169
394085263
242058243
410535640
410551921
380226494
400902784
320320812
311087841
329947488
382797780
352149399
378729376
408875737
399534637
410234634
410582104
333591044
410627492
410562465
408566486
408657712
410652147
410524117
399952633
319311866
293941199
273379046
377759151
401890808
410574865
410624548
410532010
215905553
410560578
370780514
410558562
408575697
410560827
325577472
410728963
171130561
410510508
410584203
410584461
264633073
400897651
399533729
410583489
393178636
322766263
353224497
322766519
400906756
410484250
410576712
373588921
199374075
391360157
329259719
410361063
390344567
399521309
391578783
400878891
379130334
410538294
391359029
400852344
120086095
410710652
410506391
288910315
215174522
410508193
410507643
410506223
294696963
410507946
410505680
410507059
406643205
178751650
410505888
410504844
403445707
410505594
410503466
410504191
370608380
410502625
410502228
410501691
410912850
410500814
192190445
410499651
372396496
400509927
410494394
410518028
347755064
410493660
410286979
410185326
406319354
410493272
410491734
410525495
273718838
410489840
399926727
241648810
359725121
410490161
372439155
410505487
362535968
409683097
400529738
267394110
405706142
410506538
410505116
410660413
244784831
410503793
391057376
410482695
112690588
410479614
410510073
410502828
403444768
380069730
409561739
410511940
342916561
410500482
410471832
410493036
358156208
410499369
410516189
410490667
120958092
410492437
410491388
410490923
211698907
410489366
410490651
400591810
210266187
391049601
410489605
410491980
367341073
410505962
391539347
391048438
144701157
400594661
410506247
410463293
375129425
410486520
410211751
410617102
389216571
410456216
391054413
372493353
353976083
410511757
381178600
372493519
400121014
391032839
389277830
410500155
247898764
396978619
410504378
228252173
392448760
391057386
410494200
410516396
403073061
410452782
391049441
399725027
287887839
398520868
410488942
383304951
231216409
410504487
391280087
410484494
199669766
410439579
410496958
218062132
211312667
296106997
263272642
410492715
172254440
346134552
346134235
410576135
401892739
410468520
410423379
400790318
381349038
410481795
410422255
190101779
403038723
391443948
410410291
410453860
409781112
228029239
226552932
410414338
275054013
410570128
410484262
284032261
318839449
410438742
410477419
410477316
387977814
410476886
410476534
410514877
233003347
391523215
410475972
410441575
405096348
405828549
410474776
398577847
252185079
331776461
346134393
410497589
394512727
