411929536
410773327
411919005
411925126
411922283
301671018
411905836
411896895
411884479
318012451
411880489
391770636
405930960
361333001
411881485
411873067
340044043
244798387
411876077
411881201
411865402
211357556
411514364
411838295
399766547
318018372
411821352
409909711
384156775
318015963
411796043
411796510
411775831
318014707
411784173
288664839
411488361
329468407
295055537
295056014
295053627
211063677
387960024
411754241
411730522
347008645
411726088
411719881
411716351
365695264
363595454
411708413
411691442
411170281
411173114
411159092
396349839
211196520
411148351
383356919
411144865
364280263
404100977
411104257
388258578
399929994
383431459
393916798
410712780
411039445
274273689
411035585
411031261
345962494
411006459
364587185
383614248
411001802
399106600
399634709
410974555
410889295
400092000
410936176
410963792
377725350
410932243
365770957
410928975
410922322
276423002
405568020
410687696
383402136
269217161
410889238
410490849
410877647
410869042
410860287
410854034
410851826
410821868
410098233
410824219
390873867
409344135
409339449
399696413
409334752
399469670
408983611
409311297
399321330
409294779
100540694
409288186
409275678
409271217
409210000
409232587
409223007
384052394
370926383
409135838
409108433
409103014
399417408
394130550
317213301
381054939
374358860
359598161
286465256
409009214
399194847
408976556
408969153
398964801
408984608
408981981
399261617
389677134
408947088
408594927
408940635
408925511
408919049
359167918
280057103
341155007
296385465
408874304
390020163
408849198
399010874
408334230
408824256
408817442
398274636
408316166
406975161
369542528
383111501
264632945
326478021
398364747
335483376
389111770
381095909
360758619
408223970
404722371
379203389
408220986
408190140
408176567
408166683
408151720
407868453
380722438
407814976
408109304
408110904
407815994
408094142
383336020
344293072
408079466
408065482
386635124
360332857
408046317
408029342
308079675
380779620
389017555
394012725
373691047
407871369
407903950
380218251
388771708
353148204
407840871
407840168
407842488
407826839
407826889
407824924
388925200
407812106
407813207
397551239
397552586
396529591
309291674
407721093
407694106
377873861
407646539
407623147
377799941
388607127
407608614
322263177
407578850
387163374
407561088
347945732
407509191
376984940
360823366
407408049
397074025
338088026
407365863
407357183
407356165
407105992
397502769
407330825
407316251
407306559
407296326
395971149
407217361
334274753
362480438
407155065
390771243
380836394
360082835
328565946
407065213
379442033
396639212
407014231
375350703
379793635
406957787
406957659
406867369
406936040
406931333
358572653
388810170
408801656
408767817
396304842
408761205
334145042
408733487
371610193
362242290
383415839
380778157
408684847
398559098
408667756
408673345
408661138
408650924
408636248
408629882
393249218
408596278
408592390
381420131
386727334
398847195
389776609
398348008
408530135
398291257
398154414
381741129
384645041
408500195
398741035
408479344
408467201
408464304
388504634
385987756
408441708
398699530
389254674
398681555
408401195
395864664
408374917
343606498
408357588
408359595
388386214
382680310
365390633
406714914
411672318
411656810
411650087
406714482
374742181
402059696
411636570
406713357
411627891
402062956
411596178
405320803
411574428
411567077
411572180
343972998
411572346
411559142
411557401
343975771
411556146
411545834
411537262
367567447
411538656
379302018
317066413
395147393
411236367
411513961
398515816
395144137
411444818
411497410
366666847
382753873
401723474
390547750
313843107
263040206
411479041
339933188
411476048
405106186
398675894
384178614
391900497
363816163
411448936
365099961
410801270
403696764
410802083
411436160
411141834
327773244
385426126
364990754
401427638
395203752
411421421
382933738
374076551
402210840
401795451
411392268
411391135
202147310
401158264
264836043
411321366
411002564
392249487
411362064
411361898
392599158
411360836
401637694
411336195
382663883
401680994
374926247
401612825
373388380
400016258
348380807
401160605
377269866
411304795
370384987
397514837
411282869
411276653
401603742
411252381
338606861
411224530
411222501
410068474
411211998
391653197
390302709
401270865
411181523
410860135
353545438
410276103
409261314
377420304
375694791
410247510
400429701
410208969
351536908
389301710
410190026
410184355
410182255
410142400
373095158
410107781
410098297
410082298
345961797
409710485
410062123
383751540
410052554
410049015
391156424
380158051
371240959
361707566
409987018
409985794
409978466
409972712
397515903
360212187
409956894
390632423
409922156
400137711
400237376
409917776
409903440
409874509
409858126
409853426
409845434
409845281
399425187
409789573
348991518
409770758
409774992
409745163
287541761
406165367
406163490
406174421
352788434
406166007
396353754
377419446
377418707
406075004
406077307
390251631
406040890
406043680
406047958
384036748
405671137
405994190
405996544
396028088
405589999
396266128
396265353
396260633
396265890
405953976
376833881
396229631
405948168
334165102
405920570
352718142
385313766
405888315
378703992
405858185
353449107
405830247
354378010
405819364
405686957
405785768
405785766
405778254
318812187
356487585
405361007
405705891
405710765
396044948
395936149
405670337
362533420
405614467
410815292
410802524
410777297
410782152
98669010
410769339
410755650
410751078
396868129
391563158
378210934
383421766
328863081
409998491
410695657
410702350
410696523
353816534
410688349
410682574
410677063
400974850
410644480
410578449
410624386
410619382
410602018
410600808
173842815
410597227
400915661
410575979
400786729
410549476
288910315
410498156
400874281
383118675
364947432
410450828
391271045
400751475
393922399
390326865
410376302
363888426
410372222
410368200
389294594
400672937
400630484
387675277
410342201
404268766
369484251
404162308
404214724
381787053
404246399
403854231
375087145
372438325
354209545
404154537
404145566
352853564
391965371
403719511
227080223
353136637
404122382
397359911
381038513
404052716
404055348
404031942
361617674
403943340
378780671
403873209
403864248
381496793
385259142
403828369
403778410
403797669
403790315
403776700
270525846
385555162
403763504
141329266
403738499
346255973
403723831
346063345
403669698
394205381
403648928
323990248
294746804
394056891
403550410
340100639
403477951
403481744
404965286
369985157
404913070
393127513
368497333
283677894
394740041
404875848
404848520
403446287
395099967
404825003
404820618
373768421
364138799
404460038
404764563
404228287
390644425
394994343
395025472
404673178
382248106
404656900
393118674
404612978
404271314
394973051
394247339
377437072
330811962
404557258
238321481
334328535
345787495
404530249
372030601
382965014
404502904
394869465
375662516
377795985
404458024
384720299
404411569
404407379
404389400
404041462
404348227
403961506
361419976
394409963
404246387
402898436
402881483
391333156
242770175
402840374
402838196
402817233
402798025
402788499
384758034
402756624
402762819
402750545
384415038
232535997
364720633
372212451
402708170
402654620
402648028
402620060
402601349
402571118
402543898
361598010
402533503
393102447
372179111
364749361
402498057
309613568
382843446
393022352
402476378
392709008
402344044
402369813
380134021
380132250
392941707
391303717
363737568
410105331
409568560
409252852
408405978
396762963
410238651
402531690
331636418
408927418
381977119
393206007
406917932
406591736
406881857
387737155
396967422
232785789
406865373
406849201
296141199
396615595
406831546
396884386
283642690
387515209
396867081
406785547
406776477
406768415
387713935
406729680
406754199
385793714
406732504
386702801
406710945
406669356
406669514
232755227
387721418
395883267
406590710
406592568
406582520
393081017
203021987
406535921
347714780
406485936
362070299
406431241
387312392
406415586
150313883
396599541
406393259
406350235
406338651
390357741
406290946
406288250
306135265
406195398
406173760
379393172
403449802
394005561
403432556
360525399
403400974
403401714
403388732
403179305
403358677
403369215
329182471
403354783
403348423
161221608
403332396
403332593
369154669
385162155
393526155
403281268
287645245
283342998
403265406
227360769
387649265
390618576
403195055
382933289
391261642
403165417
309343403
403141598
393204420
199639807
403111113
384979230
403109872
403092998
403093828
403082268
391264796
403072956
403057721
403058912
352016023
403006595
362010526
329715917
346104265
310167276
339691026
370335688
406369810
410937110
408646035
336551226
411646518
411250063
407436006
411896336
410350852
409402756
411376399
396750209
409656095
410831053
397940151
374518614
410552839
409420447
409675577
386382338
409771453
394342932
409592060
409921748
406612238
370100485
408727189
411731165
385475923
399199355
398859718
395063039
361623634
409535400
381869324
372509741
404923252
364904327
393921008
411264835
301949399
363935008
402991368
398242672
395539323
364729225
376235328
408659268
403398490
408476554
410235134
374803527
391907826
402891328
385581557
410167318
383353056
402358529
388385181
341322861
410969046
399709179
411089973
394908391
411670743
411005387
219682624
411894626
410747047
390678665
411214735
377706289
410742519
410573025
321763235
411561034
400946976
409217513
378196631
369356653
410100554
410246981
410942410
382776631
277739647
401877219
406893908
392582183
409980977
405047106
411157906
410043986
408864192
409658259
397582365
393679865
411605947
411032285
410977814
411297723
389444340
411248012
406236904
371415544
408474720
411475049
405604570
405608732
365398899
405550472
376718798
394451647
405522926
405210289
405521527
405504119
366885136
395782722
405158810
374797477
405451122
405417164
405427634
378212730
395757451
405402157
386850555
405066778
366297418
405367557
359164319
405036778
372305908
385031834
367907113
405297594
405288573
347789993
348649309
357192202
405273649
405266641
240215485
368568213
362063410
404820588
353329843
405171142
386466430
394245144
405131705
381644056
252384379
405045403
405022365
405043229
405029540
375330496
404973800
406138889
403801945
397112912
410255217
386627766
408127337
251635395
407091684
354078353
393996019
409060340
407931100
407615464
392118875
409984598
402546628
387211983
404206556
401259588
402499003
395348544
407089422
406430361
411785936
407680505
410859474
396494412
400558379
397107889
406405780
279286583
395600107
404937308
408465752
384045184
406036419
403691482
410478265
407343868
374076949
411457338
410211751
335283870
407140369
402504436
409105687
406861680
397592785
408420308
403696338
405513607
400150911
227916223
255465962
411700119
408373413
406493092
405074177
295415632
209862924
406580311
373539975
408778702
407595187
385155143
400722317
381206977
407048562
403003957
384975571
405170260
411195849
393699321
402483278
282160695
399001955
338106382
389304480
382448715
406535447
409580745
406118587
405339324
407434841
409807572
409787260
330680436
409700221
406758404
408496672
409309599
406743370
345400277
411773323
407935557
410051172
409488266
405686851
406235395
389435430
174774856
404019397
390320575
378889114
409254816
379324930
366818808
385067996
403550223
407752361
403320385
402616967
404781601
402615424
407345402
380765128
411397491
197679397
409452179
411331394
409357902
409350684
391520985
367072788
410835089
410767396
405663853
399351066
411885035
411876558
405740808
333557563
359542358
406060499
394944432
406241280
401970810
166659094
394245285
409314769
409564725
398771636
396132959
384500241
411066145
378545169
327746128
408408854
357951303
409334943
404959095
356539138
392649920
407114452
411796722
403173738
402620547
406288065
410982758
405756408
397216533
296905004
354834178
398118822
385519288
396391352
369952858
405359571
392716853
401454388
392927550
411377381
406035765
279590148
372228485
408486099
406883001
407599020
337748846
402903157
410319694
348569830
411920206
409264196
291039526
410190585
392103293
411799800
214200687
411783892
406081443
365608534
372027925
389158214
409056969
366596428
394282211
391533204
376652608
401098894
409912083
410121921
397743327
395992266
409847029
404370016
411394612
411415293
404209726
404806521
365949823
402643032
295609185
389484870
352586024
368480336
392321953
296213929
409695279
398375988
390935862
411008098
399474561
407446818
402324556
396574228
410254780
409719055
406269721
361540312
406147138
399474495
410700665
410542297
408190924
411602403
404324030
410159537
394554946
410423379
411463681
396676773
411385690
402924128
396038934
409878431
409580225
408909513
391139864
394583617
340759598
391055390
400964281
394052695
402472772
402849364
403639320
404506057
411927450
357162298
288798041
398514129
139459311
331075290
410818753
407820735
386931665
410418600
411841261
363114906
401036263
409635749
400790948
373119461
398615210
402356153
369251476
411846313
411321885
375114396
311509171
409612389
346988391
402792020
403475166
407089724
411851270
410393882
410259759
405989836
381960863
407534263
406170884
408357959
396791048
398136198
301292315
411791080
399576520
409521921
339137427
410362721
408360565
411425205
404816235
406240416
405697453
411262336
404293551
346664755
411059982
408992134
382444307
403387181
410970596
408614524
404066049
406617291
406175263
374571859
382135757
408651375
374596887
411472090
411022492
407455890
379862128
389508830
407753644
409670052
282572274
410439579
406586085
370801461
411266257
410362493
385936953
398708002
399915462
395139854
409573052
410835635
411809264
395984916
356984284
411716732
411703585
409342789
389741430
394207487
406227231
409403832
408872536
409877828
404937044
392884866
399270445
409816102
408418382
392059584
404043859
386698910
406345932
411326327
378729376
387822358
406982273
389459733
410684395
404843505
369582964
394594917
360967099
362254728
411278483
406587979
316917966
403870918
403861514
381767087
367110120
411140857
267446229
344798259
406397843
408341992
405941282
408295684
396244956
407250172
281005322
407298748
300462710
404718314
407061848
408847958
399029057
404475903
395124946
382392328
409599266
404236505
402059926
410321442
288383125
411841925
410303279
410315132
381208336
393539412
410228937
404056116
403991585
402181708
341981334
405467581
293469731
383733633
411480941
397743875
410324634
284443613
379306447
371784345
411878806
406359489
402978199
390015528
402142460
408846167
387853992
338446780
411672590
409934323
380836622
373015150
406524700
408378367
411204424
408163996
408137532
404004028
403922018
403887834
402767240
236652956
354523873
360812338
376210323
410678936
409133894
409079204
393194125
411872792
408977519
410390014
407410537
394799938
403244077
357198789
410219246
404515914
397263945
383090174
406795323
392707508
402499813
381707697
286497854
404551946
404510444
410804861
408166679
408130274
406475538
330489518
386067363
384939420
403099233
404110956
375559191
388282182
369063138
379831295
405888082
409750721
386910649
403076631
410852510
400997463
404527670
404261029
410388464
407462177
400326011
411497577
411410032
411421932
386561929
408698222
409349931
174940634
393213419
409142557
410388140
411409103
402377888
403942635
401002938
409479446
411256408
409014833
408996303
408988605
408875436
386981877
392200075
238591329
394773835
349884718
393488422
145395636
409462516
397236068
403624149
212038952
403002503
388573646
402551770
408894416
395327284
384233705
408232915
407977674
300215262
393697745
403341979
146401891
410570128
387057293
409474197
405039238
407551102
396175683
396421490
409091133
399358177
410169057
381326519
379077902
406787114
216148779
387539764
410122260
409831779
378232538
396253972
391853561
406929032
407009035
403420599
363590583
408532837
409678826
368176063
391086068
409261398
404062920
406426394
324347257
402657052
358336744
405025258
387208081
410600835
408873683
287303600
411883854
408398191
406938167
400535438
411534332
199892014
405598064
293945791
410120641
400076615
411553292
411486603
389014119
405062344
411385333
411158311
411247537
403803264
374108501
407855408
359088962
378126328
407403871
394715870
407547498
403012691
307702605
362368238
411823025
405373437
409718482
409717968
409343958
409706938
337949934
382483976
409660706
409661222
409654990
140157795
407700832
345483397
409624139
409619591
409600625
399422627
365197307
399891164
397086669
378231676
301209912
409564173
393396616
226681617
226692742
399516924
390329077
409524709
399511252
385668409
386563706
349758825
409478636
409483335
382083228
409462796
409451454
326656080
409449677
409442938
389483219
409422177
387483919
409408726
409417910
399750131
388563888
399698057
381947597
409362772
399089660
409347621
409347140
411463591
386053832
369239054
327316146
382871324
401859554
408996288
411839375
405878780
408099916
409835929
408653512
381794019
384593499
385852887
405179855
408304631
398719982
411527643
411219804
400625466
410302074
242303573
398000830
399595153
269402706
403097740
404392775
215545863
411257972
409543969
401560285
409948243
410562226
407231239
411620562
236823348
408184149
411067268
407208272
407494745
404725713
400124274
404678355
409662419
403736707
411474170
403651983
400163102
407758882
403770830
407704250
374084525
411942674
409048992
411923917
411936626
402170398
250751996
411931079
411928860
411933368
395279925
378355520
411903722
411921469
411919139
401629953
399626239
387617375
411885497
398773840
411893248
411890428
411886284
411888737
401409899
411883592
383546062
411880693
292419597
204566484
411860508
411842826
411865711
333978388
411864777
411867771
411516934
411859935
411851195
332429359
411846308
353775217
411829369
411830308
411820279
411812819
411808622
400885793
233364030
400887024
392403999
399739301
411788401
401489559
409811804
409801241
409801669
409801254
365460563
237329223
409787977
409793280
390663676
409776123
372268958
372270683
409758239
359670186
409755389
409753066
371584415
351062466
390819105
381778808
409725108
382532875
409722085
335306154
390800029
399844029
409294106
354294881
409667842
409634391
409627948
409625266
399896196
343030548
409619474
398621256
398442516
399913641
409614792
378267180
409609939
346985538
360792827
409604735
381293646
409595169
409594641
409588089
381810388
380984766
397500866
297987809
399683719
410345459
410342422
410327813
410323576
410317697
394635087
410315395
262598328
378116278
370379204
410279448
410276211
409283621
410273782
303556467
410263571
410250749
410249342
400596744
409893324
409205729
391280168
377043937
410206502
410201355
410190042
410184269
410179505
319833410
410179260
400532285
350446447
395757454
410145398
391267879
410113886
410124676
400341291
400466384
410112965
382788645
410088036
391227289
410090102
410077799
409773461
410081719
410066630
373122784
410053837
410051690
409741435
369418671
411779962
411781860
411768994
334086692
411761939
402202407
411756971
411745718
411750725
411753333
411739557
411741431
411736516
411729199
411730743
411721155
400058950
411718370
411716710
411709089
411706317
411706907
411708007
411702015
411697701
411694270
411693172
411684112
411621239
411682599
401770504
399234598
399183139
401853552
411671096
384329623
411662559
401535350
388843021
401509483
411657089
384385589
296211100
374272481
411624739
411624605
299127595
411617248
411616027
370818336
384273056
286065700
411606285
399003195
410741320
373679271
401056234
392443600
410360422
362064194
362034402
410723605
410717120
410718651
410718044
367567222
410717124
410711996
410696834
410346453
410690105
410697131
410685205
410685276
410681660
343829544
376584159
399393896
400999571
410664971
389560853
348231500
410653699
410639884
410639515
410623684
400966986
398702637
410614656
400822893
410620455
375804546
226818396
410600930
410585540
410589522
258699105
410581280
410582980
400949408
410254134
410568170
410564508
410557322
410553675
294198269
410935306
410929182
410925450
390040472
401229788
410926194
407348862
334323651
400958748
410915083
400794673
394384867
314320113
400242136
400240076
410899323
372677093
400655529
400954281
370313186
410666053
375217800
410871247
391091807
401152517
410857753
410858293
410857376
400653759
381322700
410844446
401164804
410836718
364226713
301215168
369101025
369224501
410819291
218065825
410811199
410809208
410803702
401060742
380912606
410780274
410776195
410774087
410762990
410760193
363142392
390956233
410745213
384494587
411386249
411302375
411383562
411373294
411361370
190863254
401740937
364391870
384096453
407300030
363280566
411342398
411322740
400260605
400207381
262467229
411013483
392249703
411306608
411291396
411293564
411286378
409813951
303761041
358644188
411284773
411280274
384356439
411268152
291376936
400598235
411248910
378905544
411242365
401563269
400841495
314569818
391476211
347729316
391541063
391507652
363015662
411196026
411195684
411196337
368219966
335561091
343588657
411191271
411185412
411173452
411177415
411170021
377962956
402039171
411601087
387403258
402028005
331185394
402035995
411568249
401180647
411568030
391412821
411567949
411568778
282765483
411556296
401994541
411539612
411533177
411516090
401891267
411510451
411505881
411502689
351169724
318904297
401854332
352873581
383197201
392259434
401628459
411467333
401765637
400525001
411458053
388096532
383773671
411443369
411441891
411441233
401500247
411438906
394991202
401637426
390118300
411434705
391743422
390161323
411274991
383579546
411395723
383060290
411342132
373867620
378698027
409717820
410022556
410020182
390706851
389458329
391035584
311912759
369996045
398623435
388706216
334570518
372542266
382707749
409993878
400150503
409989611
409984590
409978685
400212984
388614014
409965658
409352340
363498500
409622930
399737459
369041002
409760689
400157048
375541771
409901820
409900539
409899691
390822408
372910157
383150141
399605539
409883813
382362913
409549943
346384860
409859147
409862738
409862414
409850294
409853493
409851957
409845555
409837227
409824531
409829807
390036098
409456460
410536486
351649881
410529760
410530687
400376592
373285510
410521542
399090898
410507460
410506557
378037598
410486007
410483663
410483606
373246300
410480465
410475613
383696701
371275163
393686824
348261558
410432350
410423932
410423917
400685031
400684346
400531944
379640374
410412258
328808707
410410750
410404639
362436744
400647407
354605786
313268967
396312851
379293586
410381047
410379693
389889401
367335816
399182528
393841207
345460981
399954086
410362577
410357873
400217960
410338280
410346891
371970463
410344656
395475095
409291819
409274690
373411897
373422170
390468238
409265025
409265931
409239054
409239370
387059912
409224618
409218523
409217266
389175145
316194442
409201429
409198805
397399498
305630351
409174189
359396510
379631392
340631949
409157255
398767380
409142637
409118209
261012338
409112600
378567585
383109682
378577818
383105284
381904979
399419285
345514425
409076822
398290494
409069733
409069106
265742928
399363195
399402583
409055833
381851266
361201936
397340110
353918093
254451507
389158113
397695328
395255225
359382759
399247222
399247658
378587320
337568012
379822769
398365468
408968533
408985502
408967251
408971999
408635930
408948622
390160332
408949412
408944675
371188348
358578537
408927857
390175204
333660399
408907981
408911409
381672079
408578076
408890312
396905423
364736055
380667391
398273890
355180098
408365436
406513178
408332153
399021426
396779567
396779582
396779504
408833255
399073509
285987389
317441512
317446581
383898232
408324857
408317598
371131445
389846131
408801745
408419011
389635944
408045399
408743404
388193797
285548760
408756660
408751587
408744628
210882643
241782128
408747160
408731851
380433038
408721925
381538129
381637717
408706571
371165797
408681709
398947991
408680743
398947692
389842783
318661994
389843071
361647322
408662353
212406581
290244327
398932349
314644650
380801272
378632218
398859620
381521703
408597111
360849026
408592246
373515219
373513413
408565617
408561481
408561402
408555541
408549762
398604668
357839177
362280078
389721847
408506504
408499629
303152935
391190912
408487765
398773624
370806592
408167152
407886758
408160996
398311420
408145767
407820206
392542516
408109868
407809757
408103878
408099103
395537823
408094975
253038290
398232096
363383375
408081957
408074960
408071688
342355618
408066781
398239020
398238374
408065178
408064835
397910361
370564905
408046560
376828669
407724702
397098641
408025637
371053901
408011020
380714430
344138078
397627931
397139053
388528459
407549580
341732467
344067816
320747093
368870800
396806845
370762200
407926220
366071661
407559024
407887431
407850269
407849338
407845833
288581773
384276886
261942840
322119433
336713994
408451583
374268467
299831600
373465487
319963973
390778784
332380934
408410463
408408239
389177313
398494583
408400470
398651329
367149605
380897179
408387335
397952892
408368619
408370896
408110304
408330540
344918442
408313134
408313073
408295781
398093285
408286390
408292319
398589948
344594436
408272453
140299737
389049328
408254784
353964778
369047018
398418221
398468938
365921152
373449961
408220990
398466545
408201398
408198440
389315293
408179337
369948864
398006153
411152161
401399614
278080520
385260286
411133192
411137691
391683890
410802515
411126231
348995303
394508820
399265604
411118418
411111485
411116955
411112779
411110658
411111031
364033317
410908762
401403896
152188799
411078130
411065490
411064429
401301045
411055702
397926058
411053666
411053488
401309592
411024338
411021338
374834432
411014803
392008599
411014510
374198826
382496282
410989615
410984747
410979902
410975756
400011872
132219869
399153271
410959332
305384415
356148977
410941251
401250652
410939832
410941589
369166778
345938818
409546700
115377082
409548075
408554363
409541618
409532919
399255921
409529715
409538243
409538238
399513797
409531263
409527847
409521425
409518515
374745962
409497357
399390666
409488973
409489558
409327443
409339574
409474870
319483884
321726497
399152044
354651626
409440038
363812856
409415244
377855773
378561881
409411019
381309438
409415307
409400572
409398466
387034953
409362876
409359565
409359330
377132962
304017961
398653970
396417128
398053203
397759302
398995933
409313036
409303683
372205281
230775609
407197468
397387653
407196765
396043027
407185151
407179694
407158462
391877302
390172875
387200706
379678889
379905096
294595160
397274770
407106937
407099521
367809585
407095040
346522873
407087448
349607834
407090273
387958458
407078298
377372585
407067761
344137420
407063898
368260173
407026663
371868707
332786765
407001921
394268444
397209517
406995159
306416692
394270913
391047458
396265496
406982012
406976213
406962413
385263451
406932027
387936701
406915664
406907730
397104337
379555428
406902143
406892699
397490107
369879465
368802625
407470489
407468282
326950900
313932817
359602573
407443825
407411633
357985860
407441512
407441364
344512720
407430769
407440072
407429819
397594542
407430534
379701070
407401685
407400726
406452126
311573940
407385707
407382865
407377420
407382716
407342394
369426155
407324436
407333235
316588455
380128629
367627062
387290041
378945403
397033124
407276334
397025820
339897760
351359136
407262149
271625528
264141084
388315816
407238616
407231801
375378814
407211782
407215617
407213724
407213784
347088037
277730826
367246155
406527844
387745222
406513191
406513852
406508911
406507353
322103699
406495536
378833250
387638959
406480428
405858992
359768894
346881542
252983802
406439056
376584769
394347376
364214940
394681217
387574257
386819241
395494299
300580220
393421259
392549856
396576437
406381553
287576908
396564650
301279813
267370200
376077553
406317242
406315062
406314520
387507997
352100920
406302794
355384873
406294754
405987674
406286131
387499333
280228504
394758267
276228797
276227559
406268534
406258121
406255619
387324054
406248532
406235260
308792691
406242882
300174188
406222535
405798041
395268265
406197133
406197652
406194103
406204465
405799199
367168268
406185718
396311219
368139264
406182435
274536632
321311237
406135540
406137976
406132956
406131745
380906699
378616158
288520091
375642337
375642659
302496214
336201692
405758062
387351162
337708061
406093593
351930771
376242168
406088293
406083972
337796019
406071195
405714921
406070609
367595288
406066838
406065703
326809112
396337149
352352768
352353442
352350872
406571018
368080034
383261650
369816510
406857914
360892403
358106761
369466228
285062098
316107115
406788455
396945865
272876807
335094398
406453074
406025568
406765901
396942871
406767748
406747152
406746435
377319734
406731856
382964393
368774103
366539807
406699340
406701053
406695502
406697546
406686182
322994485
406674313
406675532
359083773
369657959
244730567
364571671
406612425
396784576
406600244
406600750
382139124
344278624
396702920
395902474
379251835
301212386
406579718
406571082
347086506
347087428
320647964
395665778
405723949
405710854
383110155
405718031
405703018
386500409
405682948
386665550
293743530
405673246
405641989
383034423
324263447
405648322
378331968
405615299
230901207
405605362
405606769
405591375
405589432
405585381
405578880
405580350
394695511
373163107
405558450
378680766
405556234
359072510
405220394
405525095
395896108
405500690
405499259
405496957
382264861
370218845
405434888
395778225
388396875
269536367
405088514
309585615
218375680
405402064
382310320
405397323
368746114
405387500
394775881
405378697
405376527
395753756
405383065
336482745
405369624
375278646
405369676
405377213
386407395
378562094
395463352
378538904
405354091
405338791
353520397
405342058
405333403
348858781
405299169
386364271
405283983
389657855
405277880
405269575
405268062
405264655
405261992
358203519
395617119
395578414
405240500
405227804
305701616
405216956
405215404
310378047
405211461
297743088
297744778
372638080
405194593
405184444
405190400
350380563
371613755
405140587
405169776
374867132
384289088
405159965
374835384
405094810
352452986
404583722
404571669
372169931
201173022
366808984
323964387
404553571
404550442
404541140
394985982
404535979
404525515
404529302
404520188
404516164
404511887
404489461
404486823
163597460
404452359
303015031
404462332
326410245
404453998
404450654
394887245
404446027
404115570
404432402
376813860
285230627
285229996
285230296
394782537
404386449
404389449
377281381
404386870
338587622
404377842
394810763
343715328
380827061
334032573
404034236
361602233
403998620
394472058
404327209
285603210
404319994
404331423
324481192
279019048
404057720
404066543
375842598
404053078
367497385
404036765
404036905
404034759
404012950
394206054
394205311
347357944
403977342
332197175
309359996
403950250
403632092
401762536
403947641
403938321
403932735
334120328
403920391
393864883
374329910
393854628
368552356
385751326
403884095
374677120
403856189
400687431
403840852
403831824
403829429
403806429
403794140
403788694
343629762
402695057
232245764
403757127
403754747
403762276
403761157
403738027
403733929
385683361
403729361
359394432
359393429
278034385
404316980
404312061
404316581
325241491
404299198
404295875
404301233
404288930
404292154
382847032
275561698
389636616
385485195
303371440
404255338
404255415
394376100
372576681
372576497
394281768
404238265
404224621
404210527
365082526
324190362
404213137
324188763
404196174
404164060
391715885
404181907
404170779
404164385
404173444
404161636
325902955
404146749
263871065
338631736
404131379
351907664
272230354
364632587
389121667
345969297
394246576
369138763
369139855
376323135
376325571
334062403
377068656
404082905
404849224
404843983
274658746
356462055
404843183
382373698
350357077
404814539
404812689
281947661
394988897
404803540
404275975
366561038
404778298
376391510
310409770
275215116
377772709
324758755
376805948
404427576
404733487
404731008
359163048
331213213
356384859
404687953
319469808
404687710
404681107
404677379
364019867
404679755
376348883
376351273
404621804
375263746
394754961
349155312
385886928
404618510
404611946
404608898
395050331
316827256
404595847
391962612
327035989
393613750
404588900
377362512
404584037
278033666
376556367
385036239
394298686
393997785
335450841
328177341
403712988
394199427
403707733
403701252
375270912
403700656
366564701
366565359
394274665
403687973
385762633
249019484
403667022
403652751
403638165
403633583
403634012
393254183
393884772
377192036
403605845
159684310
324717889
376485371
403224249
403584440
314220715
394052860
403566715
403558420
403554497
386519971
365425798
394089169
403255487
361387120
317045489
386143471
340736478
403510758
403508330
403504796
403478190
398287999
403476427
403472019
327137203
403465508
393991742
331240042
393849216
352876478
403444188
403445235
317965597
373372224
393845381
393449764
356145915
403378387
210878934
403352744
403366781
383236410
403346352
403338124
393631601
403323354
377945053
395763706
403298501
393400147
374710094
388655161
403284844
403282320
393823030
403267194
403269079
403251072
403239224
403224705
368960696
403212674
403210989
365584163
374311025
402958788
384985358
393149338
331450764
403124360
403129495
393278353
403104231
375542056
403090454
403060721
403066088
318891102
406008365
406016370
327923143
406022311
406016535
369898611
405994717
405966898
396250075
357889849
405942238
405948229
368875182
396252518
405932272
389996360
368569024
396175477
382284181
405904844
405896352
393529124
405897149
378146272
405898459
394374623
405507516
405876887
395829982
405863553
316374431
396163975
405802078
405852248
405848496
396119170
405850248
405472120
378513263
405833833
365961697
355035231
259140427
292221103
405802608
405784639
405772286
405773745
405771812
405771351
368719964
347169336
402384273
293745242
270286762
375828948
402357535
392915126
402354961
402352683
402350117
392166741
410388466
409236597
398889274
411767641
411040019
410779834
402927124
408094139
387658084
138809879
407209289
411206806
410805798
406984576
197848817
408510693
340193064
387836981
405662279
402710507
402471487
410154211
409026326
408092277
399336584
402860184
284258370
407137112
332401611
361665442
353931403
402258513
399434838
399435183
390632627
411701939
411269465
411830232
411819672
380098949
138581929
408908810
392011500
410325688
411771130
355710563
371580572
382783582
382122342
398636359
410400370
409782217
255594648
401536464
410327721
399018168
401890442
400529010
400349819
409711974
396867090
398820658
354079804
411221726
411577980
351760229
391088260
380561966
405952517
381872019
371545085
320547046
411589743
346644554
400834621
410603046
411017309
396667747
381530824
409476991
407431067
411828074
351751872
371239406
409202506
401554576
364753318
408684174
411167803
297276854
390268005
351753099
367454880
411377883
316280617
342364136
403057725
403049764
403054088
403053673
403045304
403047867
342660058
324975761
403036978
403021121
403009586
402991199
365262702
402977484
402982985
363279314
345096232
402959086
393507908
383709531
289955712
402936144
402933855
402880916
402907029
286277004
346916786
402860092
402850988
327520150
358399751
375458459
402823831
336622706
402787363
373154126
402348825
286924861
393357533
338153572
372716956
402754503
402758726
402716383
272013969
402711643
381173750
348706974
269850039
402687506
402685380
402680594
402675526
410412001
407317340
347349548
410268830
410239751
320152752
409401275
406981596
409403283
381932794
391378227
372918546
407751137
349505444
405087409
405573360
408714662
353898472
403123938
406418990
388087329
391146201
409242302
377349600
405197825
406389209
386570862
392836499
385861288
263272653
250454764
395663877
411019854
411294235
260914529
411829033
398875828
407479055
161367805
409274630
404385681
340291220
364002270
402546102
411558004
406228952
405627519
400713719
407361166
388320971
409045931
346594983
408048929
370096119
286880562
376074438
381678186
411766895
408909793
382038061
407951623
397348165
411902728
405054412
411675616
410615742
389254962
405752217
401636876
408827825
408408787
325835802
411900514
398848038
329294920
400067081
389682690
331286569
410545626
252996772
409241508
401887553
382461773
410401190
400279877
388893963
380106809
381374370
385420477
410144143
410079766
399586806
410050586
344385699
387476044
285549085
410017893
396823266
406030654
411708101
373523350
404813365
407782093
399651366
403918659
400818631
352816714
382926762
381719649
402657914
402654575
402654923
325756780
402630430
402627610
402626252
402589962
322651351
402609275
393175749
384851726
386629525
402213292
402561212
357114633
402558573
380941658
370153159
370152619
402534845
384741242
393057798
372957396
354137754
361664625
361664556
384655811
364784092
391041024
402509375
402507409
392999252
375106794
402487820
402481942
374098531
390690257
371243957
318489137
402402321
402431988
402426115
402422901
402409025
402407155
392922117
384613023
369497267
392947865
407168057
397962968
267872281
376726190
405603941
406089808
405524851
201103183
396754542
393629407
328460888
408126364
403737097
371599789
393527080
385338722
409794558
349807824
326293552
405199664
348937254
378222531
296011618
406124219
325460871
394774519
365189656
393803380
411444342
408129235
403361318
382095186
385414778
387525216
376490684
383436693
410773437
376450008
395673500
348205947
277831400
409500803
408407701
361090312
403447300
409457096
347407684
399334040
403497015
382281840
409370587
410345153
391123598
406975733
406068323
403082040
312924162
407760912
404449639
289255487
404842458
403753691
379885154
406301508
409215727
409899096
404730564
296698675
376427614
405582538
396716687
379634219
405011327
410745224
404087298
379899052
382841337
345429966
396934804
408557463
385838959
411675183
393257424
280057393
330944750
409491588
409810467
411915089
403330009
350630797
403996274
397390266
324790953
349164072
408970074
402353959
380107919
406291419
397391535
402740868
81599005
396077000
387161808
328838996
339604552
322996156
407852513
407788064
389672809
404888499
404609105
398007582
408295633
406483057
410636008
404562436
401076379
369728694
238404441
408407812
386329959
406931657
403199460
401058307
383999231
290908694
411864841
294749241
407583881
410972817
393561486
381036115
404400145
406144485
352860627
408533034
390903477
402822490
406438906
381258024
312522124
52403616
410221483
380993980
405724445
261517875
393576667
411299478
406823317
409485928
402361259
403174003
403175797
375497085
406322906
287879386
365876685
405330070
292800128
377989694
404736587
393985225
395341276
405083819
405082396
405079568
275154932
375624743
375625035
405052632
377616979
405043918
405031606
405023034
405013292
362176787
405010390
405009755
260274054
404988308
404997562
404985738
404993130
404990464
390871653
404969010
330911683
394905587
395340112
404936619
371862462
360191874
393932845
404924446
376302739
404907489
404905372
404894455
350337290
404886515
404881708
404881360
404875330
404867845
404555957
404862801
404863073
332126081
404852284
403815064
404542409
395007645
404815596
408519772
407454749
395225301
327116588
327227833
277664909
411141594
409081084
370289545
410904236
373549344
374860883
400104689
372337259
347932103
388667873
410541672
409351100
406947018
409522242
405706024
353681707
371479266
410963922
403945817
403830167
73706844
380383102
406296939
402453961
410145813
403078372
372950745
405887599
373279893
407863010
409241447
394502329
402614572
402560420
293211914
385195436
385194673
410736702
386103024
404462909
348448477
402739768
385147479
362374246
396377572
405881985
411489429
406118515
373442380
409627518
394565454
386593989
386690940
406177545
410750072
382532046
407499845
402487886
402676073
408360729
403271511
401204824
406476344
402433448
395083523
403078428
405141836
405200698
334734363
388057315
408919897
391665956
401395676
409959286
406945663
393443970
410881092
407164488
362124386
410578934
402297659
386982052
406175071
384050478
380666275
373778637
400642747
386735612
405541655
341363515
354322212
344330258
372355425
211700171
364874488
271787324
379756144
383775357
404888128
405859530
404345765
404943119
404917221
409479594
404543944
362961340
370797263
409251167
393225286
405357565
399462916
405444130
404948022
336946856
373297633
335614721
362952242
394002931
363699732
408294241
270736719
408754541
403651766
362962545
348637617
373281995
410836389
198302869
372029745
332265819
405313154
377877801
386929274
402843476
407581666
386217469
357754383
366278488
404614519
395006457
403563434
398091869
403862266
366255456
405299503
374542918
374150250
404104357
370927346
394450273
387473893
396861301
391156008
402518231
409835402
406525123
365177375
397966849
368727700
409626019
404091524
346303118
396180542
390028184
386570739
349652457
395092123
399315230
396371057
389215344
409815263
411708932
406986503
404614740
409296670
403323603
402916135
405472114
367012870
390408390
398729375
395947877
405795182
397397486
391993847
394359561
409495597
345863527
403251863
395175628
409712156
372950268
383020684
367803176
397704349
302828312
215515789
404822112
366785163
391495209
409426862
410432365
398811805
381266759
398003139
407830147
407828319
397936139
407481453
407810091
388885902
378977892
107150462
407466163
388789278
396086948
364540867
388729063
369539522
372436995
407730449
403064116
407721983
380236892
380237288
388828088
407715857
384749903
397825045
407702622
407707579
407701656
379820041
338670562
295395226
407668198
350963612
206485335
407652088
370198624
407642879
351121672
407593050
397692005
397692629
407237594
407586603
407577146
407569217
407567435
368826296
407541607
407535756
394967325
361144428
407511823
379321941
364921905
383837702
405447168
238150178
405650825
405220595
395268280
377564030
394784676
407531512
373531606
378556403
289244709
135211795
334519430
393074639
204366532
402507408
407009520
208697284
394215180
402620792
404517972
407248810
405334277
403387932
203611207
394784664
149960206
384811967
261377648
349883098
401253172
379560246
406702816
137517219
131660029
237112616
406467586
406463700
