411925126
411919005
411880489
411929536
411896895
411884479
411905836
411922283
391770636
411881485
405930960
340044043
411876077
399766547
411873067
411865402
411838295
409909711
411514364
411775831
411821352
288664839
411881201
411784173
384156775
295056014
411796043
411796510
295055537
411730522
411754241
411488361
295053627
411726088
411719881
411716351
363595454
411170281
411173114
411708413
411159092
211196520
396349839
383356919
411148351
411691442
411144865
364280263
411104257
404100977
387960024
388258578
383431459
399929994
393916798
411039445
410712780
274273689
411035585
411031261
345962494
411006459
364587185
410974555
411001802
399106600
399634709
383614248
410936176
400092000
410889295
410963792
410932243
377725350
410928975
410922322
410889238
410687696
405568020
269217161
410490849
383402136
365770957
276423002
410877647
410869042
410098233
409339449
410854034
410851826
410860287
409344135
399696413
410824219
390873867
409334752
410821868
399469670
408983611
409311297
409294779
100540694
399321330
409271217
409288186
409223007
370926383
409275678
409232587
384052394
409210000
409135838
409108433
399417408
409103014
359598161
399194847
286465256
409009214
394130550
381054939
317213301
374358860
408976556
408969153
398964801
408984608
408981981
408594927
408947088
389677134
399261617
408925511
408940635
359167918
280057103
408919049
341155007
296385465
408874304
390020163
408824256
399010874
406975161
408849198
398274636
408334230
408817442
369542528
408316166
383111501
264632945
326478021
398364747
335483376
389111770
381095909
360758619
408190140
379203389
408166683
408220986
408176567
404722371
408223970
408151720
407868453
408109304
380722438
407814976
407815994
408110904
408094142
383336020
408079466
344293072
408065482
360332857
386635124
308079675
408046317
408029342
380779620
389017555
407826839
373691047
394012725
407871369
388771708
407903950
353148204
380218251
407842488
407840871
407840168
407826889
407824924
388925200
407812106
407694106
396529591
407813207
407721093
397552586
397551239
309291674
407623147
377873861
407646539
377799941
387163374
322263177
388607127
376984940
407578850
407608614
407408049
407509191
360823366
347945732
407561088
397074025
338088026
407365863
407105992
395971149
407316251
407357183
407356165
407296326
407330825
397502769
407306559
407217361
334274753
362480438
407155065
380836394
390771243
360082835
407065213
379442033
407014231
328565946
396639212
375350703
379793635
406957787
406957659
406936040
406867369
388810170
334145042
406931333
408733487
408761205
408767817
358572653
408801656
396304842
371610193
362242290
383415839
380778157
398559098
408661138
393249218
408673345
408667756
408629882
408650924
408684847
408636248
408596278
408592390
408530135
389776609
398847195
398348008
381420131
381741129
398154414
398291257
386727334
384645041
408500195
398741035
408479344
408441708
398681555
408467201
398699530
385987756
395864664
408401195
389254674
388504634
408464304
343606498
408374917
388386214
382680310
365390633
411656810
411672318
408357588
411650087
408359595
402059696
374742181
411636570
411627891
411596178
411574428
402062956
411567077
411557401
411572180
411572346
411559142
411556146
411545834
411537262
379302018
411236367
398515816
411513961
411538656
317066413
411444818
411497410
366666847
390547750
401723474
313843107
398675894
339933188
384178614
411479041
391900497
411476048
365099961
411448936
410801270
410802083
411436160
401427638
364990754
385426126
411141834
382933738
411421421
374076551
401795451
264836043
411321366
401158264
411391135
411362064
392249487
411392268
411361898
401637694
411360836
401680994
411336195
401612825
400016258
401160605
374926247
348380807
411304795
370384987
397514837
401603742
411276653
411282869
411252381
390302709
411211998
411222501
338606861
410068474
401270865
411224530
391653197
411181523
410860135
353545438
410276103
409261314
410184355
410208969
375694791
410247510
351536908
410190026
400429701
389301710
377420304
410182255
410142400
373095158
410062123
410107781
410082298
409710485
345961797
410049015
380158051
410098297
391156424
383751540
410052554
371240959
361707566
409922156
409987018
409956894
409978466
409985794
409972712
390632423
400237376
360212187
397515903
400137711
409917776
409903440
409874509
409858126
409845434
409845281
348991518
399425187
409774992
409853426
409770758
409745163
409789573
287541761
406165367
406163490
406174421
352788434
406166007
406077307
390251631
377418707
406043680
377419446
406075004
396353754
406047958
384036748
406040890
405671137
405994190
405996544
396028088
396266128
405589999
396229631
396265890
396265353
396260633
334165102
405953976
376833881
405948168
405920570
352718142
385313766
405888315
378703992
353449107
405785766
405785768
405819364
405778254
405830247
354378010
405858185
405686957
318812187
356487585
405361007
405710765
410802524
405670337
362533420
405705891
396044948
410777297
395936149
410815292
405614467
410782152
98669010
410769339
410751078
410755650
378210934
396868129
391563158
383421766
410702350
409998491
328863081
410695657
410696523
353816534
410688349
410682574
410677063
410619382
410578449
173842815
410597227
410644480
400974850
410600808
410602018
410624386
400915661
410575979
400786729
410498156
410549476
288910315
400751475
393922399
410450828
400874281
383118675
364947432
391271045
410376302
390326865
363888426
404268766
400630484
381787053
369484251
387675277
404246399
403854231
372438325
404145566
410372222
400672937
410368200
410342201
404162308
404214724
389294594
391965371
404154537
354209545
375087145
352853564
403719511
397359911
404052716
404055348
227080223
404122382
381038513
353136637
404031942
378780671
361617674
403943340
403864248
403873209
381496793
385259142
403828369
403790315
403778410
403776700
403797669
403763504
270525846
385555162
141329266
403738499
403723831
403669698
346063345
323990248
346255973
394205381
403648928
294746804
403550410
394056891
340100639
404965286
403481744
283677894
403477951
393127513
404875848
369985157
394740041
404848520
368497333
404913070
403446287
395099967
404825003
404820618
404460038
394994343
395025472
382248106
404228287
404673178
390644425
373768421
404764563
364138799
404656900
393118674
404612978
394973051
404530249
377437072
334328535
404271314
238321481
394247339
404557258
345787495
372030601
330811962
382965014
404502904
394869465
404411569
404041462
375662516
404458024
404407379
403961506
404389400
384720299
404348227
377795985
361419976
394409963
404246387
242770175
391333156
402898436
402838196
384758034
402840374
402881483
402798025
402788499
402756624
402817233
402762819
402750545
384415038
372212451
364720633
232535997
402648028
402543898
402708170
402571118
402654620
402601349
402620060
361598010
402533503
393102447
372179111
364749361
402498057
402476378
402344044
309613568
380134021
382843446
380132250
392709008
393022352
392941707
402369813
363737568
410105331
396762963
408927418
391303717
408405978
402531690
409568560
409252852
331636418
381977119
410238651
393206007
406917932
406591736
232785789
406881857
396615595
406849201
296141199
406865373
406831546
387737155
396967422
396884386
283642690
387515209
396867081
406776477
406785547
406732504
387713935
406754199
386702801
406669356
406768415
406729680
406710945
385793714
406669514
232755227
387721418
406592568
406590710
347714780
406535921
203021987
406582520
393081017
395883267
362070299
406485936
406431241
387312392
150313883
406195398
396599541
406288250
406415586
406393259
390357741
406350235
406338651
306135265
406290946
406173760
379393172
403432556
394005561
403401714
403388732
403449802
360525399
403179305
403358677
403400974
329182471
403369215
403354783
403348423
403332396
369154669
403332593
403281268
393526155
287645245
385162155
161221608
283342998
227360769
403265406
387649265
390618576
403195055
403141598
403109872
199639807
309343403
391261642
382933289
393204420
403165417
384979230
403092998
403111113
403093828
391264796
403006595
352016023
403082268
403058912
403072956
346104265
329715917
403057721
362010526
310167276
339691026
370335688
406369810
410937110
336551226
411646518
408646035
411250063
409402756
407436006
410350852
411896336
411376399
396750209
409656095
410831053
410552839
409921748
397940151
394342932
409420447
374518614
409592060
409771453
409675577
386382338
406612238
370100485
408727189
411731165
395063039
409535400
399199355
364904327
404923252
381869324
398859718
385475923
372509741
361623634
393921008
411264835
301949399
363935008
398242672
408476554
395539323
364729225
376235328
402991368
408659268
403398490
410235134
374803527
391907826
402891328
385581557
399709179
394908391
383353056
410167318
341322861
411670743
410969046
388385181
411005387
402358529
411089973
219682624
411894626
410747047
411561034
409217513
400946976
411214735
321763235
377706289
410573025
390678665
410742519
378196631
369356653
410100554
410246981
409980977
277739647
401877219
382776631
410942410
405047106
411157906
392582183
406893908
410043986
408864192
409658259
397582365
411297723
411248012
411605947
410977814
371415544
411032285
406236904
408474720
389444340
405604570
411475049
393679865
405608732
365398899
394451647
405550472
405522926
376718798
395782722
405210289
366885136
405158810
405521527
405504119
405451122
374797477
405417164
405427634
378212730
395757451
386850555
405036778
366297418
405066778
359164319
372305908
405367557
405402157
385031834
367907113
405297594
405288573
347789993
357192202
348649309
405273649
405266641
240215485
362063410
404820588
405171142
368568213
353329843
386466430
394245144
405131705
381644056
252384379
397112912
405029540
405022365
405045403
375330496
410255217
405043229
386627766
408127337
404973800
406138889
403801945
251635395
407091684
354078353
409984598
392118875
402546628
407615464
404206556
387211983
393996019
407931100
409060340
401259588
395348544
402499003
407089422
406430361
396494412
407680505
400558379
406405780
397107889
411785936
404937308
410859474
279286583
395600107
408465752
384045184
406036419
411457338
407140369
407343868
374076949
410478265
409105687
402504436
410211751
335283870
403691482
406861680
408420308
397592785
403696338
408373413
400150911
405513607
255465962
411700119
227916223
406493092
405074177
295415632
406580311
209862924
373539975
381206977
405170260
400722317
407595187
385155143
408778702
407048562
384975571
403003957
411195849
393699321
402483278
282160695
399001955
389304480
382448715
406535447
409580745
405339324
338106382
409807572
407434841
406118587
409787260
330680436
409700221
406758404
408496672
411773323
410051172
409309599
406743370
406235395
345400277
405686851
409488266
407935557
174774856
389435430
404019397
378889114
379324930
366818808
390320575
403550223
404781601
385067996
409254816
407752361
402616967
403320385
402615424
407345402
411397491
197679397
380765128
367072788
410767396
411331394
409350684
391520985
409452179
409357902
410835089
405663853
399351066
359542358
394245285
166659094
411876558
333557563
411885035
394944432
406060499
405740808
401970810
406241280
409314769
409564725
396132959
409334943
398771636
384500241
356539138
404959095
357951303
327746128
408408854
411066145
378545169
392649920
407114452
411796722
354834178
402620547
410982758
398118822
403173738
296905004
385519288
406288065
405756408
396391352
397216533
369952858
405359571
392716853
401454388
411377381
337748846
279590148
406035765
392927550
408486099
372228485
407599020
406883001
402903157
410319694
348569830
411920206
409264196
392103293
411799800
372027925
214200687
406081443
410190585
291039526
365608534
411783892
389158214
409056969
394282211
397743327
409912083
366596428
376652608
391533204
395992266
401098894
404370016
410121921
409847029
411394612
365949823
411415293
295609185
404209726
392321953
352586024
389484870
368480336
402643032
296213929
404806521
409695279
398375988
390935862
411008098
407446818
399474561
409719055
402324556
406147138
396574228
410254780
361540312
399474495
406269721
410700665
410542297
408190924
410423379
411463681
404324030
410159537
396676773
411602403
394554946
402924128
396038934
411385690
409878431
409580225
408909513
391139864
394583617
400964281
391055390
340759598
404506057
402849364
402472772
394052695
411927450
403639320
357162298
288798041
398514129
139459311
331075290
407820735
410818753
363114906
411841261
401036263
409635749
410418600
386931665
400790948
402356153
398615210
373119461
369251476
411846313
411321885
375114396
407089724
346988391
411851270
311509171
410259759
402792020
410393882
405989836
403475166
409612389
381960863
407534263
408357959
410362721
406170884
339137427
408360565
409521921
399576520
398136198
396791048
301292315
411791080
411425205
404816235
406240416
411262336
405697453
411059982
346664755
408992134
408614524
382444307
403387181
410970596
404293551
404066049
406617291
406175263
374571859
382135757
408651375
379862128
409670052
410439579
389508830
411472090
407455890
407753644
411022492
282572274
406586085
370801461
398708002
395139854
399915462
410362493
411809264
411266257
356984284
410835635
385936953
409573052
395984916
411716732
411703585
409342789
394207487
389741430
408872536
409877828
409403832
399270445
406227231
404937044
392884866
409816102
408418382
392059584
404043859
406982273
411326327
389459733
387822358
386698910
404843505
378729376
410684395
406345932
394594917
360967099
411278483
362254728
406587979
403870918
267446229
411140857
316917966
403861514
367110120
381767087
406397843
344798259
408341992
408295684
405941282
407250172
300462710
399029057
407061848
408847958
404718314
281005322
396244956
407298748
404475903
395124946
382392328
402059926
410303279
410315132
411841925
288383125
381208336
409599266
410321442
393539412
404236505
410228937
404056116
403991585
402181708
341981334
293469731
397743875
411480941
383733633
379306447
410324634
284443613
411878806
371784345
402978199
406359489
390015528
408846167
402142460
387853992
380836622
411672590
406524700
373015150
338446780
409934323
411204424
408378367
408163996
408137532
404004028
403922018
402767240
409079204
236652956
360812338
376210323
393194125
403887834
354523873
409133894
411872792
410678936
408977519
410390014
407410537
410219246
403244077
394799938
383090174
357198789
406795323
402499813
392707508
404515914
397263945
381707697
286497854
406475538
410804861
404551946
330489518
404510444
384939420
404110956
408166679
386067363
408130274
403099233
375559191
388282182
386910649
379831295
403076631
405888082
404261029
404527670
410852510
409750721
369063138
400997463
410388464
407462177
400326011
411497577
174940634
409349931
411410032
411409103
393213419
409142557
411421932
408698222
410388140
386561929
402377888
403942635
409479446
401002938
411256408
409014833
392200075
408988605
408996303
238591329
386981877
394773835
408875436
349884718
393488422
409462516
145395636
212038952
388573646
403624149
384233705
403002503
402551770
408894416
397236068
408232915
395327284
407977674
300215262
403341979
396421490
407551102
387057293
405039238
393697745
396175683
409474197
146401891
410570128
399358177
410169057
409091133
391853561
379077902
406787114
410122260
378232538
387539764
381326519
216148779
409831779
396253972
406929032
407009035
403420599
408532837
409678826
406426394
404062920
391086068
363590583
409261398
368176063
324347257
402657052
358336744
408873683
406938167
411534332
387208081
408398191
287303600
411883854
410600835
400535438
405025258
405598064
199892014
293945791
410120641
400076615
411553292
411247537
411385333
403803264
374108501
411486603
411158311
389014119
405062344
407855408
359088962
394715870
407403871
403012691
378126328
307702605
409718482
407547498
409717968
362368238
409343958
411823025
405373437
409706938
409660706
409661222
382483976
337949934
140157795
409654990
407700832
409600625
409624139
409619591
345483397
399422627
365197307
378231676
399891164
393396616
397086669
226692742
301209912
409524709
226681617
390329077
399516924
409564173
399511252
385668409
409483335
326656080
382083228
409462796
409478636
349758825
386563706
409449677
409451454
409442938
389483219
409422177
409408726
409417910
387483919
409347140
381947597
399698057
409362772
409347621
399750131
399089660
388563888
411463591
386053832
401859554
382871324
408996288
411839375
369239054
327316146
409835929
405878780
408653512
384593499
408099916
381794019
385852887
408304631
398719982
405179855
269402706
411527643
400625466
410302074
242303573
411219804
399595153
398000830
403097740
409543969
215545863
407231239
401560285
404392775
409948243
408184149
411257972
411620562
236823348
410562226
411067268
407208272
407494745
404725713
400163102
400124274
411474170
409662419
407758882
404678355
403770830
403736707
403651983
407704250
374084525
411942674
411931079
411936626
411928860
411923917
411933368
402170398
378355520
411903722
411921469
411919139
401629953
399626239
387617375
411885497
411883592
401409899
398773840
411888737
411886284
411893248
411890428
411880693
383546062
292419597
204566484
333978388
411865711
411842826
411867771
411859935
411516934
411860508
411864777
411851195
353775217
332429359
411846308
411829369
411830308
233364030
400885793
411808622
400887024
411812819
411788401
411820279
399739301
392403999
401489559
409811804
409801241
409801669
365460563
409787977
409801254
390663676
409793280
372268958
359670186
409776123
237329223
409758239
372270683
409755389
409753066
390819105
409722085
381778808
371584415
382532875
399844029
409294106
409725108
390800029
335306154
351062466
354294881
409667842
409634391
409627948
343030548
399896196
409614792
409625266
399913641
409619474
398442516
398621256
378267180
409609939
346985538
360792827
381293646
297987809
397500866
381810388
409604735
380984766
409595169
409594641
409588089
399683719
410345459
410323576
410342422
394635087
410327813
262598328
410317697
410315395
410276211
410279448
409283621
370379204
378116278
410273782
303556467
400596744
377043937
410206502
409205729
410249342
409893324
410263571
391280168
410190042
410201355
410250749
410184269
410179505
400532285
319833410
395757454
410113886
410179260
350446447
400341291
391267879
410124676
400466384
410112965
410145398
382788645
410090102
410066630
409741435
410053837
409773461
410051690
410081719
410077799
373122784
391227289
410088036
369418671
411779962
411768994
411756971
411761939
411741431
402202407
411750725
411781860
411745718
411753333
411739557
334086692
411736516
411729199
411730743
411721155
411718370
411709089
411702015
411697701
411706907
400058950
411706317
411716710
411694270
411708007
411693172
411684112
401770504
399183139
411621239
399234598
411682599
411662559
401535350
401853552
411671096
384329623
388843021
411657089
401509483
411624605
384385589
299127595
374272481
411617248
370818336
384273056
411616027
411624739
296211100
286065700
411606285
399003195
373679271
401056234
410741320
362034402
410717120
410723605
410360422
362064194
392443600
410718651
410718044
410717124
367567222
410696834
410685205
410685276
410346453
343829544
410690105
410681660
410711996
400999571
410697131
376584159
399393896
410664971
389560853
348231500
400966986
410614656
410639515
400822893
410623684
410620455
375804546
410653699
410639884
398702637
226818396
410585540
410600930
410581280
258699105
410254134
410557322
410589522
410582980
400949408
410568170
410564508
410553675
294198269
410935306
401229788
410926194
390040472
400958748
410925450
334323651
400794673
407348862
410915083
410929182
394384867
314320113
400242136
400240076
372677093
391091807
400655529
400954281
370313186
375217800
410666053
410871247
410899323
401152517
410857753
410857376
369224501
410844446
364226713
381322700
410819291
400653759
369101025
301215168
410836718
401164804
218065825
410858293
410811199
380912606
410809208
401060742
410776195
390956233
410780274
410774087
410762990
363142392
410760193
410803702
410745213
411386249
384494587
411302375
411383562
411361370
190863254
407300030
411373294
384096453
364391870
401740937
363280566
411342398
411322740
400207381
400260605
411013483
262467229
411291396
411286378
392249703
411306608
409813951
303761041
411293564
358644188
411284773
384356439
411280274
411268152
291376936
411242365
400598235
400841495
411248910
401563269
391476211
314569818
378905544
347729316
391541063
391507652
363015662
411196026
411195684
368219966
343588657
335561091
411191271
411170021
411177415
377962956
411185412
411196337
411173452
402039171
411601087
387403258
402028005
331185394
411568249
402035995
401180647
411567949
411568778
411556296
411568030
282765483
401994541
411539612
391412821
411533177
411516090
401891267
411510451
411505881
352873581
351169724
392259434
401854332
318904297
383197201
411502689
401765637
411467333
401628459
400525001
411458053
388096532
401637426
383773671
401500247
394991202
411438906
411441891
411441233
390118300
411443369
391743422
411434705
390161323
411274991
409717820
378698027
383579546
411342132
411395723
383060290
373867620
410020182
410022556
390706851
389458329
311912759
391035584
369996045
334570518
398623435
372542266
409984590
382707749
400150503
400212984
409978685
409989611
409993878
388706216
388614014
409965658
400157048
409901820
363498500
369041002
409900539
409899691
409352340
409760689
409622930
375541771
399737459
390822408
372910157
383150141
399605539
409883813
382362913
409549943
346384860
409851957
409850294
409862738
409859147
409862414
409853493
409845555
409837227
409824531
390036098
400376592
410536486
410530687
409829807
410529760
410521542
409456460
351649881
410507460
399090898
373285510
410506557
378037598
410486007
410483606
373246300
410480465
348261558
371275163
410475613
383696701
393686824
410483663
410432350
410423932
410423917
400685031
400684346
328808707
410404639
410410750
362436744
410412258
379640374
400647407
400531944
354605786
313268967
379293586
396312851
410381047
410379693
393841207
389889401
399182528
367335816
410362577
399954086
345460981
410357873
400217960
410338280
410346891
371970463
410344656
373422170
395475095
409239370
409265931
373411897
387059912
390468238
409265025
409274690
409239054
409291819
409224618
409218523
409217266
389175145
316194442
409201429
409198805
305630351
397399498
409174189
379631392
340631949
409157255
359396510
409142637
398767380
409118209
261012338
409112600
378567585
383109682
345514425
383105284
409069733
399419285
409069106
381904979
378577818
398290494
409076822
265742928
399363195
399402583
361201936
381851266
397340110
397695328
399247658
409055833
378587320
398365468
379822769
408968533
408985502
408967251
408635930
408971999
408948622
390160332
408949412
353918093
399247222
359382759
395255225
389158113
254451507
408944675
371188348
337568012
358578537
408927857
390175204
333660399
408890312
408907981
381672079
408578076
408911409
396905423
364736055
380667391
355180098
398273890
408365436
408332153
406513178
396779567
399021426
396779582
396779504
399073509
408833255
285987389
317441512
383898232
317446581
408317598
408324857
371131445
408419011
408801745
389846131
389635944
408045399
408743404
388193797
285548760
408756660
210882643
408751587
408744628
241782128
408731851
380433038
408747160
408721925
381538129
381637717
408706571
371165797
398947991
398947692
408681709
389843071
389842783
318661994
408680743
408662353
361647322
290244327
212406581
398932349
380801272
314644650
378632218
360849026
408592246
408565617
408597111
373515219
373513413
398859620
408561481
381521703
408561402
362280078
398604668
389721847
408506504
408555541
408549762
408499629
357839177
408487765
391190912
303152935
398773624
370806592
408167152
407886758
398311420
408160996
392542516
407809757
408103878
408099103
407820206
395537823
408109868
408145767
408094975
253038290
398238374
398232096
408066781
408065178
408081957
342355618
408064835
363383375
398239020
408074960
397910361
408071688
370564905
408046560
407724702
397098641
408011020
371053901
344138078
408025637
376828669
397139053
397627931
380714430
388528459
407549580
341732467
370762200
396806845
320747093
366071661
407850269
407926220
368870800
407559024
344067816
407887431
407849338
407845833
288581773
384276886
374268467
336713994
373465487
299831600
261942840
319963973
322119433
390778784
408451583
332380934
408410463
398494583
408408239
408368619
398651329
380897179
408400470
367149605
397952892
389177313
408370896
408110304
408387335
408330540
344918442
408313134
408313073
408295781
408286390
140299737
398093285
398589948
408272453
408292319
344594436
389049328
408254784
353964778
369047018
365921152
398418221
398466545
408201398
398468938
408220990
389315293
408179337
408198440
373449961
369948864
398006153
278080520
401399614
411152161
385260286
411137691
410802515
411133192
411126231
394508820
391683890
348995303
399265604
411118418
411111485
411116955
364033317
410908762
411065490
411110658
401403896
411078130
411112779
411111031
411064429
152188799
401301045
411055702
397926058
411053666
392008599
411024338
401309592
374834432
411021338
411014803
411014510
382496282
411053488
374198826
410989615
410984747
410979902
400011872
410975756
132219869
410959332
410939832
356148977
305384415
410941251
401250652
399153271
410941589
369166778
345938818
409546700
409548075
115377082
399255921
409541618
399513797
409532919
409529715
409538243
409538238
408554363
409531263
409527847
399390666
374745962
409488973
409339574
409474870
409518515
409489558
319483884
409327443
409521425
409497357
321726497
399152044
354651626
409440038
409411019
381309438
409398466
378561881
387034953
409400572
363812856
409415244
377855773
409415307
409362876
409359565
409359330
377132962
304017961
372205281
396417128
409313036
397759302
398995933
398053203
398653970
409303683
230775609
407197468
397387653
407196765
396043027
407185151
379678889
391877302
407179694
407106937
390172875
294595160
379905096
407158462
397274770
387200706
407099521
367809585
346522873
407063898
407078298
387958458
407095040
407067761
407087448
407090273
377372585
344137420
368260173
349607834
407026663
371868707
332786765
407001921
391047458
306416692
406976213
396265496
406995159
406982012
397209517
394268444
406962413
394270913
385263451
406915664
406902143
387936701
406907730
379555428
406932027
369879465
406892699
397490107
397104337
407470489
368802625
407468282
407411633
359602573
407443825
326950900
407441512
357985860
407430769
407440072
344512720
407441364
313932817
407429819
397594542
407430534
407377420
406452126
407382716
407342394
407400726
407385707
407401685
379701070
311573940
407382865
369426155
407324436
380128629
316588455
378945403
339897760
407333235
407276334
387290041
397025820
397033124
367627062
351359136
407262149
388315816
264141084
271625528
407238616
277730826
407213784
407213724
407231801
375378814
407215617
407211782
347088037
367246155
406527844
387745222
406508911
406513852
322103699
406480428
406495536
406507353
387638959
378833250
406513191
405858992
359768894
346881542
394347376
386819241
406439056
252983802
387574257
376584769
394681217
300580220
364214940
393421259
395494299
392549856
396576437
406381553
287576908
376077553
406315062
396564650
301279813
406314520
406317242
267370200
387507997
355384873
352100920
406302794
406294754
405987674
406286131
280228504
387499333
276227559
387324054
406248532
406255619
394758267
276228797
406258121
406268534
406235260
308792691
406242882
300174188
395268265
406222535
367168268
406197133
405799199
405798041
406194103
406185718
406204465
406197652
396311219
368139264
274536632
321311237
378616158
380906699
288520091
406135540
406182435
375642659
406132956
406137976
406131745
375642337
302496214
336201692
337708061
405758062
376242168
337796019
406071195
406088293
406083972
351930771
387351162
406093593
405714921
406070609
367595288
352352768
352353442
326809112
406065703
352350872
396337149
368080034
406571018
383261650
369816510
406066838
406857914
360892403
358106761
369466228
272876807
406025568
335094398
406453074
406765901
285062098
316107115
396945865
396942871
406788455
406767748
406747152
406746435
406731856
406701053
382964393
406695502
368774103
377319734
406697546
366539807
406699340
406686182
322994485
406674313
406675532
369657959
359083773
244730567
396784576
364571671
406612425
406600244
406600750
344278624
382139124
396702920
395902474
379251835
301212386
406571082
406579718
405718031
347087428
395665778
383110155
347086506
405710854
320647964
405723949
405703018
386500409
405682948
293743530
386665550
405673246
230901207
405615299
383034423
378331968
405605362
324263447
405641989
405648322
405606769
405585381
405589432
405591375
405558450
405556234
394695511
405578880
405580350
378680766
373163107
359072510
405220394
405525095
405500690
405499259
370218845
382264861
395896108
269536367
405088514
405434888
405496957
395778225
309585615
388396875
218375680
405397323
382310320
405402064
368746114
405387500
395753756
394775881
405383065
405378697
405376527
336482745
405369624
375278646
378538904
395463352
405333403
405377213
405369676
405342058
386407395
378562094
348858781
405354091
353520397
405338791
405299169
386364271
405269575
405268062
395617119
405261992
405264655
389657855
405283983
405277880
395578414
358203519
405227804
405240500
305701616
405216956
405215404
405211461
310378047
405184444
372638080
297743088
405190400
405194593
350380563
297744778
371613755
405140587
405169776
374867132
384289088
374835384
405159965
405094810
372169931
366808984
404571669
201173022
352452986
404583722
323964387
404550442
404553571
404541140
394985982
404535979
404452359
404525515
163597460
404516164
404486823
404520188
404529302
404489461
404511887
303015031
404462332
326410245
404453998
394887245
285230296
285229996
404446027
404115570
285230627
404432402
376813860
404450654
394782537
404386449
404389449
377281381
338587622
404386870
343715328
394810763
404377842
334032573
380827061
394472058
404034236
361602233
403998620
404327209
285603210
404319994
404331423
404036765
324481192
404036905
375842598
404057720
367497385
279019048
404053078
404066543
404034759
404012950
394205311
347357944
394206054
309359996
403938321
332197175
403977342
403950250
403632092
403947641
401762536
403932735
334120328
403920391
403884095
393854628
374329910
368552356
374677120
393864883
385751326
400687431
403856189
403840852
403831824
403829429
403806429
403794140
343629762
403757127
403788694
402695057
232245764
385683361
403761157
403762276
403754747
403738027
403733929
403729361
359394432
404316980
278034385
404299198
404295875
404316581
359393429
404288930
325241491
404292154
404312061
404301233
382847032
385485195
275561698
372576497
404255338
404255415
372576681
404224621
394281768
404238265
389636616
394376100
303371440
324190362
404210527
404213137
404164060
404196174
324188763
404181907
365082526
391715885
404164385
404170779
404173444
404161636
325902955
404146749
338631736
404131379
263871065
351907664
394246576
389121667
272230354
369138763
345969297
364632587
369139855
376323135
376325571
404082905
377068656
334062403
356462055
404843183
404843983
404849224
382373698
350357077
274658746
404814539
404812689
281947661
394988897
404803540
310409770
404778298
366561038
376805948
376391510
377772709
404275975
324758755
275215116
404427576
404733487
404731008
359163048
319469808
404677379
356384859
404681107
404687953
404687710
364019867
376348883
404679755
376351273
331213213
404621804
375263746
394754961
349155312
385886928
404618510
391962612
404611946
395050331
327035989
404595847
316827256
404608898
393613750
404588900
377362512
278033666
404584037
335450841
376556367
328177341
394199427
393997785
394298686
385036239
403712988
403701252
403707733
375270912
403700656
366564701
394274665
366565359
403652751
403633583
403687973
403638165
403667022
249019484
385762633
403634012
393254183
393884772
159684310
324717889
403605845
403558420
403224249
403566715
314220715
376485371
394052860
403584440
403554497
377192036
386519971
365425798
361387120
394089169
403255487
317045489
403478190
340736478
403508330
403504796
403510758
398287999
386143471
403476427
403472019
373372224
403444188
403465508
327137203
393991742
317965597
403445235
393849216
331240042
352876478
393449764
393845381
356145915
403378387
403366781
403338124
383236410
403323354
393631601
210878934
403346352
377945053
403352744
395763706
403298501
393400147
374710094
403284844
388655161
403282320
403267194
368960696
403251072
393823030
403224705
403212674
403269079
403210989
403239224
365584163
374311025
402958788
384985358
375542056
393149338
331450764
403129495
393278353
403124360
403104231
403090454
403066088
406008365
318891102
403060721
406016370
327923143
405948229
396250075
406016535
405966898
369898611
405942238
406022311
405994717
357889849
368875182
396252518
405932272
389996360
368569024
378146272
405904844
382284181
405897149
405507516
394374623
405898459
396175477
405896352
393529124
405876887
396163975
378513263
405863553
405848496
395829982
405852248
316374431
405472120
405850248
396119170
405802078
405833833
365961697
355035231
405802608
259140427
405784639
405771812
405771351
347169336
368719964
405772286
405773745
292221103
293745242
402384273
375828948
270286762
402357535
409236597
402354961
402352683
410388466
411767641
392166741
392915126
398889274
402350117
411040019
410779834
411206806
138809879
402927124
408094139
407209289
387658084
406984576
410805798
197848817
408510693
340193064
387836981
405662279
402710507
399336584
407137112
402471487
410154211
284258370
402860184
361665442
332401611
409026326
408092277
353931403
402258513
399434838
399435183
390632627
411819672
411701939
380098949
411830232
408908810
410325688
411269465
138581929
392011500
411771130
355710563
371580572
382122342
410400370
398636359
382783582
410327721
409782217
400529010
401536464
255594648
399018168
401890442
400349819
409711974
398820658
411577980
396867090
411221726
354079804
371545085
391088260
351760229
381872019
380561966
405952517
320547046
411589743
411017309
396667747
400834621
346644554
410603046
407431067
381530824
409476991
411828074
371239406
351751872
409202506
401554576
364753318
390268005
408684174
411167803
316280617
403057725
297276854
367454880
342364136
411377883
351753099
403049764
403054088
403053673
403045304
403009586
342660058
403047867
324975761
403021121
365262702
402982985
403036978
402991199
402977484
363279314
345096232
402959086
393507908
383709531
289955712
402907029
402933855
346916786
286277004
402860092
402880916
402936144
402850988
327520150
358399751
402823831
336622706
375458459
402754503
393357533
338153572
286924861
372716956
402787363
402348825
373154126
402758726
272013969
402716383
381173750
402711643
348706974
410412001
407317340
402680594
269850039
402687506
402685380
402675526
410268830
347349548
410239751
320152752
409401275
406981596
381932794
349505444
391378227
405087409
405573360
409403283
407751137
372918546
408714662
353898472
403123938
406418990
388087329
391146201
377349600
250454764
263272653
409242302
385861288
406389209
386570862
405197825
392836499
395663877
411019854
411294235
260914529
404385681
411829033
411558004
407479055
409274630
406228952
161367805
340291220
364002270
398875828
402546102
405627519
400713719
407361166
408048929
409045931
286880562
370096119
411766895
408909793
381678186
388320971
346594983
382038061
376074438
407951623
397348165
411902728
405054412
410615742
405752217
411675616
325835802
389254962
408827825
411900514
398848038
408408787
401636876
329294920
400067081
410545626
389682690
252996772
331286569
410401190
409241508
382461773
400279877
388893963
401887553
380106809
381374370
385420477
410144143
387476044
410050586
396823266
399586806
344385699
410079766
411708101
406030654
410017893
285549085
373523350
399651366
403918659
404813365
402654923
407782093
382926762
400818631
402654575
381719649
352816714
402657914
325756780
402630430
402589962
402627610
402609275
393175749
402561212
322651351
402626252
402213292
357114633
384851726
402558573
386629525
380941658
370153159
370152619
384741242
364784092
372957396
354137754
391041024
361664556
384655811
361664625
402534845
393057798
402509375
402507409
392999252
375106794
402481942
374098531
402431988
402426115
371243957
402487820
402409025
318489137
402422901
390690257
402402321
392922117
267872281
402407155
392947865
369497267
405603941
406089808
405524851
407168057
397962968
376726190
384613023
201103183
396754542
403737097
393629407
349807824
328460888
371599789
393527080
408126364
326293552
409794558
385338722
405199664
348937254
378222531
393803380
406124219
408129235
411444342
325460871
296011618
403361318
365189656
382095186
394774519
385414778
387525216
376490684
383436693
395673500
277831400
408407701
376450008
409457096
410773437
409500803
361090312
403447300
348205947
347407684
399334040
403497015
312924162
410345153
391123598
409370587
406068323
382281840
404842458
406975733
289255487
403082040
404449639
407760912
403753691
409899096
406301508
379885154
409215727
404730564
396716687
379634219
376427614
296698675
405582538
405011327
410745224
404087298
379899052
382841337
330944750
345429966
393257424
408557463
385838959
396934804
280057393
411675183
409491588
409810467
411915089
403330009
403996274
350630797
397390266
380107919
397391535
81599005
402353959
349164072
324790953
408970074
406291419
402740868
396077000
339604552
387161808
328838996
404609105
407852513
398007582
404888499
407788064
408295633
389672809
322996156
406483057
410636008
404562436
406931657
369728694
403199460
238404441
401076379
386329959
290908694
401058307
383999231
408407812
411864841
294749241
407583881
352860627
408533034
381258024
404400145
406438906
381036115
410972817
406144485
393561486
390903477
402822490
312522124
52403616
380993980
410221483
405724445
409485928
403175797
406823317
393576667
402361259
411299478
403174003
261517875
375497085
406322906
287879386
377989694
365876685
404736587
405079568
405083819
405330070
393985225
395341276
292800128
405082396
275154932
375624743
375625035
405052632
377616979
405043918
362176787
405023034
405031606
260274054
405009755
405010390
405013292
404988308
404997562
404993130
404985738
404990464
390871653
404969010
393932845
330911683
395340112
394905587
404936619
404924446
360191874
404907489
376302739
371862462
404905372
404894455
350337290
404881360
404875330
404881708
404867845
404863073
404555957
404852284
404862801
404886515
403815064
404542409
332126081
404815596
395007645
409081084
408519772
327227833
327116588
407454749
411141594
395225301
370289545
277664909
410904236
373549344
405706024
400104689
406947018
372337259
410541672
388667873
409522242
347932103
409351100
353681707
374860883
371479266
410963922
403830167
403945817
380383102
373279893
405887599
372950745
73706844
410145813
402453961
403078372
406296939
407863010
409241447
394502329
402614572
402560420
385194673
386103024
410736702
293211914
385195436
402739768
385147479
348448477
362374246
404462909
396377572
405881985
411489429
406118515
410750072
394565454
373442380
406177545
407499845
382532046
386690940
386593989
409627518
402487886
402676073
408360729
403271511
402433448
395083523
408919897
401204824
334734363
406476344
405200698
405141836
388057315
403078428
391665956
401395676
409959286
410881092
362124386
406945663
402297659
384050478
386982052
393443970
410578934
407164488
380666275
406175071
373778637
400642747
405541655
344330258
364874488
354322212
386735612
372355425
211700171
341363515
379756144
383775357
271787324
404888128
405859530
362961340
405357565
404943119
409479594
393225286
370797263
404543944
404917221
399462916
409251167
404345765
405444130
404948022
336946856
335614721
373297633
394002931
362952242
408294241
363699732
362962545
408754541
270736719
348637617
403651766
373281995
410836389
198302869
372029745
332265819
407581666
386217469
386929274
405313154
404614519
366278488
377877801
357754383
402843476
395006457
403563434
398091869
403862266
374150250
374542918
387473893
405299503
404104357
396861301
394450273
366255456
370927346
391156008
402518231
409835402
406525123
365177375
397966849
349652457
404091524
395092123
409626019
396180542
390028184
386570739
368727700
346303118
399315230
396371057
389215344
409815263
406986503
403323603
404614740
411708932
409296670
402916135
367012870
398729375
405472114
390408390
395947877
405795182
391993847
394359561
395175628
397397486
409495597
383020684
345863527
367803176
372950268
397704349
409712156
403251863
215515789
302828312
366785163
407830147
410432365
381266759
409426862
398811805
404822112
398003139
391495209
407828319
397936139
407481453
407810091
378977892
407466163
388885902
396086948
388789278
388729063
372436995
369539522
364540867
107150462
407730449
403064116
407721983
407707579
407701656
338670562
407702622
407715857
397825045
380236892
380237288
379820041
388828088
384749903
295395226
407668198
206485335
370198624
350963612
407642879
407237594
407652088
407593050
397692005
407586603
397692629
351121672
407577146
407511823
361144428
407567435
407569217
394967325
407535756
364921905
379321941
368826296
407541607
383837702
405447168
238150178
405650825
377564030
395268280
334519430
289244709
394784676
405220595
393074639
373531606
378556403
407531512
135211795
204366532
402507408
404517972
403387932
405334277
394215180
208697284
407009520
203611207
394784664
149960206
402620792
407248810
384811967
261377648
401253172
349883098
131660029
237112616
379560246
406702816
137517219
406467586
406463700
